0, 1, 0, 
0.00753317, 0.999972, -0.0075275, 
0.0148123, 0.99989, -0.0147899, 
0.021937, 0.99976, -0.0218874, 
0.0289671, 0.999581, -0.0288796, 
0.0359388, 0.999356, -0.0358025, 
0.0428743, 0.999084, -0.0426782, 
0.0497874, 0.998765, -0.0495203, 
0.0566867, 0.9984, -0.0563369, 
0.0635775, 0.997988, -0.063133, 
0.0704632, 0.99753, -0.0699117, 
0.0773458, 0.997025, -0.0766747, 
0.0842266, 0.996475, -0.0834231, 
0.0911064, 0.995878, -0.0901573, 
0.0979859, 0.995234, -0.0968775, 
0.104865, 0.994545, -0.103584, 
0.111745, 0.993809, -0.110276, 
0.118624, 0.993027, -0.116954, 
0.125504, 0.9922, -0.123618, 
0.132385, 0.991326, -0.130267, 
0.139266, 0.990407, -0.136902, 
0.146147, 0.989442, -0.143521, 
0.153029, 0.988432, -0.150125, 
0.159912, 0.987376, -0.156713, 
0.166795, 0.986274, -0.163285, 
0.173679, 0.985128, -0.169841, 
0.180563, 0.983936, -0.176381, 
0.187448, 0.982699, -0.182904, 
0.194334, 0.981417, -0.18941, 
0.20122, 0.980091, -0.195898, 
0.208107, 0.978719, -0.202369, 
0.214995, 0.977303, -0.208823, 
0.221884, 0.975842, -0.215258, 
0.228773, 0.974337, -0.221675, 
0.235663, 0.972788, -0.228073, 
0.242554, 0.971194, -0.234452, 
0.249446, 0.969556, -0.240812, 
0.256339, 0.967875, -0.247153, 
0.263232, 0.966149, -0.253474, 
0.270127, 0.96438, -0.259775, 
0.277022, 0.962567, -0.266056, 
0.283918, 0.96071, -0.272317, 
0.290816, 0.958811, -0.278556, 
0.297714, 0.956868, -0.284775, 
0.304613, 0.954881, -0.290973, 
0.311513, 0.952852, -0.297149, 
0.318414, 0.95078, -0.303303, 
0.325317, 0.948666, -0.309436, 
0.33222, 0.946508, -0.315546, 
0.339125, 0.944309, -0.321634, 
0.34603, 0.942066, -0.327699, 
0.352937, 0.939782, -0.333741, 
0.359845, 0.937456, -0.339759, 
0.366754, 0.935088, -0.345755, 
0.373665, 0.932678, -0.351726, 
0.380576, 0.930226, -0.357674, 
0.387489, 0.927733, -0.363597, 
0.394403, 0.925199, -0.369496, 
0.401319, 0.922623, -0.37537, 
0.408236, 0.920006, -0.38122, 
0.415154, 0.917349, -0.387044, 
0.422073, 0.914651, -0.392843, 
0.428994, 0.911912, -0.398616, 
0.435917, 0.909132, -0.404363, 
0.44284, 0.906313, -0.410084, 
0.449766, 0.903453, -0.415778, 
0.456692, 0.900554, -0.421447, 
0.46362, 0.897614, -0.427088, 
0.47055, 0.894635, -0.432702, 
0.477482, 0.891616, -0.438289, 
0.484415, 0.888558, -0.443848, 
0.491349, 0.885461, -0.44938, 
0.498285, 0.882325, -0.454883, 
0.505223, 0.87915, -0.460359, 
0.512162, 0.875937, -0.465806, 
0.519104, 0.872685, -0.471224, 
0.526046, 0.869394, -0.476614, 
0.532991, 0.866066, -0.481974, 
0.539937, 0.862699, -0.487305, 
0.546885, 0.859295, -0.492607, 
0.553835, 0.855853, -0.497879, 
0.560787, 0.852373, -0.50312, 
0.567741, 0.848857, -0.508332, 
0.574696, 0.845303, -0.513513, 
0.581654, 0.841712, -0.518664, 
0.588613, 0.838085, -0.523783, 
0.595574, 0.834421, -0.528872, 
0.602538, 0.83072, -0.53393, 
0.609503, 0.826984, -0.538955, 
0.61647, 0.823211, -0.54395, 
0.62344, 0.819403, -0.548912, 
0.630411, 0.815559, -0.553842, 
0.637385, 0.81168, -0.55874, 
0.64436, 0.807765, -0.563606, 
0.651338, 0.803816, -0.568438, 
0.658318, 0.799831, -0.573238, 
0.6653, 0.795812, -0.578005, 
0.672284, 0.791759, -0.582738, 
0.679271, 0.787671, -0.587438, 
0.686259, 0.783549, -0.592104, 
0.69325, 0.779393, -0.596736, 
0.700244, 0.775204, -0.601335, 
0.707239, 0.770981, -0.605898, 
0.714237, 0.766725, -0.610428, 
0.721238, 0.762436, -0.614922, 
0.72824, 0.758114, -0.619382, 
0.735246, 0.75376, -0.623807, 
0.742253, 0.749373, -0.628196, 
0.749263, 0.744954, -0.63255, 
0.756276, 0.740503, -0.636868, 
0.763291, 0.73602, -0.641151, 
0.770308, 0.731506, -0.645397, 
0.777328, 0.726961, -0.649607, 
0.784351, 0.722384, -0.653781, 
0.791376, 0.717776, -0.657918, 
0.798404, 0.713138, -0.662019, 
0.805435, 0.708469, -0.666083, 
0.812468, 0.70377, -0.670109, 
0.819504, 0.699041, -0.674098, 
0.826542, 0.694283, -0.67805, 
0.833584, 0.689495, -0.681964, 
0.840628, 0.684677, -0.685841, 
0.847675, 0.67983, -0.689679, 
0.854724, 0.674955, -0.69348, 
0.861777, 0.670051, -0.697242, 
0.868832, 0.665118, -0.700965, 
0.87589, 0.660158, -0.70465, 
0.882951, 0.655169, -0.708296, 
0.890015, 0.650153, -0.711903, 
0.897082, 0.64511, -0.715471, 
0.904152, 0.640039, -0.719, 
0.911225, 0.634941, -0.72249, 
0.9183, 0.629817, -0.725939, 
0.925379, 0.624666, -0.729349, 
0.932461, 0.619489, -0.732719, 
0.939546, 0.614286, -0.736049, 
0.946634, 0.609057, -0.739339, 
0.953725, 0.603803, -0.742588, 
0.960819, 0.598523, -0.745797, 
0.967916, 0.593219, -0.748965, 
0.975016, 0.58789, -0.752093, 
0.98212, 0.582536, -0.755179, 
0.989227, 0.577158, -0.758225, 
0.996337, 0.571756, -0.761229, 
1.00345, 0.566331, -0.764191, 
1.01057, 0.560882, -0.767112, 
1.01769, 0.55541, -0.769992, 
1.02481, 0.549915, -0.77283, 
1.03194, 0.544398, -0.775625, 
1.03907, 0.538858, -0.778379, 
1.0462, 0.533296, -0.781091, 
1.05333, 0.527712, -0.78376, 
1.06047, 0.522107, -0.786386, 
1.06762, 0.516481, -0.788971, 
1.07476, 0.510833, -0.791512, 
1.08191, 0.505165, -0.79401, 
1.08907, 0.499476, -0.796466, 
1.09622, 0.493767, -0.798879, 
1.10338, 0.488038, -0.801248, 
1.11055, 0.48229, -0.803574, 
1.11772, 0.476522, -0.805856, 
1.12489, 0.470735, -0.808096, 
1.13206, 0.464929, -0.810291, 
1.13924, 0.459105, -0.812442, 
1.14642, 0.453263, -0.81455, 
1.15361, 0.447403, -0.816614, 
1.1608, 0.441525, -0.818634, 
1.16799, 0.43563, -0.820609, 
1.17518, 0.429717, -0.82254, 
1.18238, 0.423788, -0.824427, 
1.18959, 0.417843, -0.826269, 
1.19679, 0.411881, -0.828067, 
1.20401, 0.405904, -0.82982, 
1.21122, 0.399911, -0.831528, 
1.21844, 0.393902, -0.833191, 
1.22566, 0.387879, -0.83481, 
1.23289, 0.381841, -0.836383, 
1.24012, 0.375789, -0.837911, 
1.24735, 0.369722, -0.839394, 
1.25459, 0.363642, -0.840832, 
1.26183, 0.357549, -0.842225, 
1.26907, 0.351442, -0.843571, 
1.27632, 0.345323, -0.844873, 
1.28357, 0.339191, -0.846129, 
1.29083, 0.333047, -0.847339, 
1.29809, 0.32689, -0.848503, 
1.30535, 0.320723, -0.849622, 
1.31262, 0.314544, -0.850695, 
1.31989, 0.308354, -0.851721, 
1.32717, 0.302154, -0.852702, 
1.33445, 0.295943, -0.853637, 
1.34173, 0.289722, -0.854526, 
1.34902, 0.283492, -0.855368, 
1.35631, 0.277252, -0.856165, 
1.3636, 0.271004, -0.856915, 
1.3709, 0.264746, -0.857618, 
1.37821, 0.258481, -0.858276, 
1.38551, 0.252207, -0.858887, 
1.39282, 0.245925, -0.859452, 
1.40014, 0.239637, -0.85997, 
1.40746, 0.233341, -0.860441, 
1.41478, 0.227038, -0.860867, 
1.42211, 0.22073, -0.861245, 
1.42944, 0.214415, -0.861577, 
1.43677, 0.208094, -0.861862, 
1.44411, 0.201768, -0.862101, 
1.45145, 0.195438, -0.862293, 
1.4588, 0.189102, -0.862439, 
1.46615, 0.182762, -0.862537, 
1.47351, 0.176418, -0.86259, 
1.48086, 0.170071, -0.862595, 
1.48823, 0.16372, -0.862553, 
1.49559, 0.157366, -0.862465, 
1.50296, 0.15101, -0.86233, 
1.51034, 0.144652, -0.862149, 
1.51772, 0.138291, -0.861921, 
1.5251, 0.131929, -0.861646, 
1.53249, 0.125566, -0.861324, 
1.53988, 0.119202, -0.860956, 
1.54727, 0.112837, -0.860541, 
1.55467, 0.106472, -0.860079, 
1.56207, 0.100108, -0.85957, 
1.56948, 0.0937438, -0.859015, 
1.57689, 0.0873807, -0.858414, 
1.5843, 0.0810188, -0.857766, 
1.59172, 0.0746586, -0.857071, 
1.59914, 0.0683004, -0.85633, 
1.60656, 0.0619445, -0.855542, 
1.61399, 0.0555913, -0.854708, 
1.62143, 0.0492411, -0.853828, 
1.62886, 0.0428944, -0.852901, 
1.63631, 0.0365515, -0.851928, 
1.64375, 0.0302126, -0.850909, 
1.6512, 0.0238783, -0.849843, 
1.65865, 0.0175489, -0.848732, 
1.66611, 0.0112247, -0.847574, 
1.67357, 0.00490601, -0.846371, 
1.68103, -0.00140668, -0.845121, 
1.6885, -0.00771306, -0.843826, 
1.69597, -0.0140128, -0.842485, 
1.70345, -0.0203054, -0.841098, 
1.71093, -0.0265907, -0.839666, 
1.71841, -0.0328681, -0.838188, 
1.72589, -0.0391374, -0.836664, 
1.73338, -0.0453983, -0.835095, 
1.74088, -0.0516502, -0.833481, 
1.74838, -0.0578929, -0.831822, 
1.75588, -0.064126, -0.830118, 
1.76338, -0.0703492, -0.828369, 
1.77089, -0.076562, -0.826575, 
1.7784, -0.0827641, -0.824736, 
1.78592, -0.0889551, -0.822852, 
1.79343, -0.0951347, -0.820924, 
1.80096, -0.101302, -0.818952, 
1.80848, -0.107458, -0.816935, 
1.81601, -0.113601, -0.814874, 
1.82354, -0.119731, -0.812769, 
1.83108, -0.125848, -0.810621, 
1.83862, -0.131952, -0.808428, 
1.84616, -0.138041, -0.806192, 
1.85371, -0.144116, -0.803913, 
1.86126, -0.150176, -0.80159, 
1.86881, -0.156221, -0.799224, 
1.87637, -0.162251, -0.796814, 
1.88392, -0.168265, -0.794362, 
1.89149, -0.174262, -0.791868, 
1.89905, -0.180244, -0.78933, 
1.90662, -0.186208, -0.786751, 
1.91419, -0.192155, -0.784129, 
1.92177, -0.198084, -0.781465, 
1.92934, -0.203996, -0.778759, 
1.93692, -0.209889, -0.776012, 
1.94451, -0.215763, -0.773223, 
1.95209, -0.221619, -0.770393, 
1.95968, -0.227455, -0.767522, 
1.96728, -0.233271, -0.764609, 
1.97487, -0.239067, -0.761656, 
1.98247, -0.244843, -0.758663, 
1.99007, -0.250598, -0.755629, 
1.99767, -0.256332, -0.752555, 
2.00528, -0.262044, -0.749441, 
2.01289, -0.267734, -0.746287, 
2.0205, -0.273403, -0.743094, 
2.02811, -0.279049, -0.739862, 
2.03573, -0.284671, -0.73659, 
2.04335, -0.290271, -0.73328, 
2.05097, -0.295847, -0.729931, 
2.0586, -0.3014, -0.726544, 
2.06622, -0.306928, -0.723118, 
2.07385, -0.312431, -0.719655, 
2.08148, -0.31791, -0.716154, 
2.08912, -0.323363, -0.712616, 
2.09675, -0.328791, -0.70904, 
2.10439, -0.334193, -0.705428, 
2.11203, -0.339569, -0.701779, 
2.11967, -0.344918, -0.698093, 
2.12732, -0.350241, -0.694371, 
2.13496, -0.355536, -0.690614, 
2.14261, -0.360804, -0.686821, 
2.15026, -0.366044, -0.682992, 
2.15792, -0.371256, -0.679128, 
2.16557, -0.37644, -0.67523, 
2.17323, -0.381595, -0.671297, 
2.18089, -0.386721, -0.667329, 
2.18855, -0.391818, -0.663328, 
2.19621, -0.396885, -0.659293, 
2.20387, -0.401922, -0.655225, 
2.21154, -0.406929, -0.651123, 
2.21921, -0.411906, -0.646989, 
2.22687, -0.416851, -0.642822, 
2.23454, -0.421766, -0.638622, 
2.24222, -0.426649, -0.634391, 
2.24989, -0.431501, -0.630128, 
2.25757, -0.436321, -0.625834, 
2.26524, -0.441108, -0.621509, 
2.27292, -0.445864, -0.617152, 
2.2806, -0.450586, -0.612766, 
2.28828, -0.455275, -0.608349, 
2.29596, -0.459932, -0.603903, 
2.30364, -0.464554, -0.599427, 
2.31133, -0.469143, -0.594921, 
2.31901, -0.473698, -0.590387, 
2.3267, -0.478219, -0.585825, 
2.33439, -0.482705, -0.581234, 
2.34208, -0.487156, -0.576615, 
2.34977, -0.491572, -0.571969, 
2.35746, -0.495953, -0.567295, 
2.36515, -0.500299, -0.562594, 
2.37284, -0.504608, -0.557867, 
2.38054, -0.508882, -0.553114, 
2.38823, -0.51312, -0.548334, 
2.39593, -0.517321, -0.543529, 
2.40362, -0.521485, -0.538699, 
2.41132, -0.525613, -0.533843, 
2.41902, -0.529703, -0.528964, 
2.42671, -0.533757, -0.524059, 
2.43441, -0.537772, -0.519131, 
2.44211, -0.54175, -0.51418, 
2.44981, -0.545691, -0.509205, 
2.45751, -0.549593, -0.504207, 
2.46521, -0.553456, -0.499187, 
2.47292, -0.557282, -0.494145, 
2.48062, -0.561068, -0.48908, 
2.48832, -0.564816, -0.483994, 
2.49602, -0.568525, -0.478888, 
2.50373, -0.572194, -0.47376, 
2.51143, -0.575824, -0.468612, 
2.51914, -0.579414, -0.463443, 
2.52684, -0.582965, -0.458255, 
2.53455, -0.586476, -0.453048, 
2.54225, -0.589947, -0.447821, 
2.54996, -0.593377, -0.442576, 
2.55766, -0.596767, -0.437313, 
2.56537, -0.600117, -0.432031, 
2.57307, -0.603426, -0.426732, 
2.58078, -0.606694, -0.421416, 
2.58849, -0.609921, -0.416082, 
2.59619, -0.613107, -0.410733, 
2.6039, -0.616251, -0.405366, 
2.61161, -0.619355, -0.399985, 
2.61931, -0.622416, -0.394587, 
2.62702, -0.625436, -0.389175, 
2.63473, -0.628415, -0.383747, 
2.64243, -0.631351, -0.378306, 
2.65014, -0.634246, -0.37285, 
2.65785, -0.637098, -0.36738, 
2.66555, -0.639908, -0.361898, 
2.67326, -0.642676, -0.356402, 
2.68097, -0.645402, -0.350893, 
2.68867, -0.648084, -0.345373, 
2.69638, -0.650725, -0.33984, 
2.70408, -0.653322, -0.334296, 
2.71179, -0.655877, -0.32874, 
2.7195, -0.658389, -0.323174, 
2.7272, -0.660858, -0.317597, 
2.73491, -0.663283, -0.31201, 
2.74261, -0.665666, -0.306414, 
2.75032, -0.668006, -0.300808, 
2.75802, -0.670302, -0.295192, 
2.76573, -0.672554, -0.289568, 
2.77343, -0.674764, -0.283936, 
2.78114, -0.67693, -0.278296, 
2.78884, -0.679052, -0.272648, 
2.79655, -0.681131, -0.266992, 
2.80425, -0.683166, -0.26133, 
2.81195, -0.685157, -0.255661, 
2.81966, -0.687105, -0.249986, 
2.82736, -0.689009, -0.244305, 
2.83506, -0.690869, -0.238618, 
2.84277, -0.692685, -0.232926, 
2.85047, -0.694457, -0.227229, 
2.85817, -0.696185, -0.221528, 
2.86587, -0.69787, -0.215822, 
2.87358, -0.69951, -0.210113, 
2.88128, -0.701106, -0.2044, 
2.88898, -0.702658, -0.198684, 
2.89668, -0.704167, -0.192965, 
2.90438, -0.705631, -0.187243, 
2.91208, -0.70705, -0.18152, 
2.91978, -0.708426, -0.175794, 
2.92748, -0.709758, -0.170068, 
2.93518, -0.711045, -0.16434, 
2.94288, -0.712289, -0.158611, 
2.95058, -0.713488, -0.152882, 
2.95828, -0.714643, -0.147153, 
2.96598, -0.715754, -0.141423, 
2.97368, -0.716821, -0.135695, 
2.98138, -0.717844, -0.129967, 
2.98908, -0.718822, -0.124241, 
2.99678, -0.719757, -0.118516, 
3.00448, -0.720647, -0.112793, 
3.01218, -0.721494, -0.107072, 
3.01988, -0.722296, -0.101354, 
3.02758, -0.723054, -0.0956382, 
3.03528, -0.723769, -0.0899259, 
3.04297, -0.724439, -0.084217, 
3.05067, -0.725065, -0.078512, 
3.05837, -0.725648, -0.0728112, 
3.06607, -0.726186, -0.0671148, 
3.07377, -0.726681, -0.0614231, 
3.08147, -0.727132, -0.0557366, 
3.08917, -0.727539, -0.0500554, 
3.09687, -0.727903, -0.04438, 
3.10456, -0.728223, -0.0387107, 
3.11226, -0.728499, -0.0330477, 
3.11996, -0.728732, -0.0273913, 
3.12766, -0.728921, -0.021742, 
3.13536, -0.729066, -0.0160999, 
3.14306, -0.729169, -0.0104654, 
3.15076, -0.729228, -0.00483883, 
3.15846, -0.729243, 0.000779531, 
3.16616, -0.729216, 0.00638937, 
3.17386, -0.729145, 0.0119904, 
3.18156, -0.729031, 0.0175823, 
3.18926, -0.728874, 0.0231648, 
3.19697, -0.728674, 0.0287375, 
3.20467, -0.728431, 0.0343002, 
3.21237, -0.728146, 0.0398526, 
3.22007, -0.727817, 0.0453943, 
3.22777, -0.727446, 0.0509252, 
3.23548, -0.727033, 0.0564448, 
3.24318, -0.726577, 0.0619529, 
3.25089, -0.726078, 0.0674492, 
3.25859, -0.725537, 0.0729334, 
3.2663, -0.724954, 0.0784053, 
3.274, -0.724329, 0.0838644, 
3.28171, -0.723662, 0.0893106, 
3.28942, -0.722952, 0.0947435, 
3.29712, -0.722201, 0.100163, 
3.30483, -0.721408, 0.105569, 
3.31254, -0.720574, 0.11096, 
3.32025, -0.719697, 0.116337, 
3.32796, -0.71878, 0.121699, 
3.33568, -0.71782, 0.127047, 
3.34339, -0.71682, 0.132379, 
3.3511, -0.715778, 0.137696, 
3.35881, -0.714696, 0.142997, 
3.36653, -0.713572, 0.148282, 
3.37425, -0.712408, 0.15355, 
3.38196, -0.711202, 0.158802, 
3.38968, -0.709956, 0.164037, 
3.3974, -0.70867, 0.169255, 
3.40512, -0.707343, 0.174456, 
3.41284, -0.705976, 0.179639, 
3.42056, -0.704569, 0.184803, 
3.42829, -0.703122, 0.18995, 
3.43601, -0.701635, 0.195078, 
3.44374, -0.700108, 0.200188, 
3.45146, -0.698541, 0.205278, 
3.45919, -0.696935, 0.210349, 
3.46692, -0.69529, 0.215401, 
3.47465, -0.693605, 0.220433, 
3.48238, -0.691881, 0.225444, 
3.49012, -0.690118, 0.230436, 
3.49785, -0.688317, 0.235407, 
3.50559, -0.686476, 0.240357, 
3.51333, -0.684597, 0.245286, 
3.52107, -0.68268, 0.250193, 
3.52881, -0.680724, 0.255079, 
3.53655, -0.67873, 0.259944, 
3.54429, -0.676698, 0.264786, 
3.55204, -0.674629, 0.269606, 
3.55979, -0.672521, 0.274403, 
3.56754, -0.670376, 0.279177, 
3.57529, -0.668194, 0.283929, 
3.58304, -0.665974, 0.288657, 
3.5908, -0.663717, 0.293361, 
3.59855, -0.661423, 0.298042, 
3.60631, -0.659093, 0.302699, 
3.61407, -0.656726, 0.307331, 
3.62184, -0.654322, 0.311939, 
3.6296, -0.651882, 0.316523, 
3.63737, -0.649406, 0.321081, 
3.64514, -0.646894, 0.325614, 
3.65291, -0.644346, 0.330121, 
3.66068, -0.641762, 0.334603, 
3.66846, -0.639143, 0.339059, 
3.67623, -0.636489, 0.343489, 
3.68401, -0.6338, 0.347893, 
3.6918, -0.631075, 0.35227, 
3.69958, -0.628316, 0.35662, 
3.70737, -0.625522, 0.360943, 
3.71516, -0.622694, 0.365239, 
3.72295, -0.619831, 0.369507, 
3.73074, -0.616935, 0.373747, 
3.73854, -0.614004, 0.37796, 
3.74634, -0.61104, 0.382145, 
3.75414, -0.608042, 0.386301, 
3.76195, -0.605011, 0.390428, 
3.76975, -0.601947, 0.394527, 
3.77756, -0.59885, 0.398597, 
3.78538, -0.59572, 0.402637, 
3.79319, -0.592557, 0.406648, 
3.80101, -0.589362, 0.41063, 
3.80883, -0.586135, 0.414581, 
3.81665, -0.582876, 0.418503, 
3.82448, -0.579585, 0.422394, 
3.83231, -0.576262, 0.426255, 
3.84015, -0.572908, 0.430085, 
3.84798, -0.569523, 0.433884, 
3.85582, -0.566107, 0.437652, 
3.86366, -0.56266, 0.441389, 
3.87151, -0.559182, 0.445094, 
3.87936, -0.555675, 0.448768, 
3.88721, -0.552136, 0.452409, 
3.89506, -0.548568, 0.456019, 
3.90292, -0.544971, 0.459596, 
3.91078, -0.541343, 0.463141, 
3.91865, -0.537687, 0.466653, 
3.92652, -0.534001, 0.470133, 
3.93439, -0.530287, 0.473579, 
3.94227, -0.526543, 0.476992, 
3.95015, -0.522772, 0.480371, 
3.95803, -0.518972, 0.483717, 
3.96591, -0.515144, 0.48703, 
3.9738, -0.511288, 0.490308, 
3.9817, -0.507405, 0.493552, 
3.9896, -0.503494, 0.496761, 
3.9975, -0.499557, 0.499937, 
4.0054, -0.495592, 0.503077, 
4.01331, -0.491601, 0.506183, 
4.02122, -0.487584, 0.509253, 
4.02914, -0.48354, 0.512288, 
4.03706, -0.479471, 0.515288, 
4.04498, -0.475376, 0.518253, 
4.05291, -0.471255, 0.521181, 
4.06085, -0.467109, 0.524074, 
4.06878, -0.462939, 0.52693, 
4.07672, -0.458743, 0.529751, 
4.08467, -0.454523, 0.532535, 
4.09262, -0.450279, 0.535282, 
4.10057, -0.446011, 0.537993, 
4.10853, -0.441719, 0.540666, 
4.11649, -0.437404, 0.543303, 
4.12445, -0.433066, 0.545902, 
4.13242, -0.428704, 0.548464, 
4.1404, -0.42432, 0.550989, 
4.14838, -0.419914, 0.553476, 
4.15636, -0.415485, 0.555925, 
4.16435, -0.411035, 0.558336, 
4.17234, -0.406563, 0.560709, 
4.18034, -0.402069, 0.563044, 
4.18834, -0.397555, 0.56534, 
4.19635, -0.393019, 0.567598, 
4.20436, -0.388463, 0.569817, 
4.21238, -0.383887, 0.571997, 
4.2204, -0.379291, 0.574138, 
4.22842, -0.374675, 0.576241, 
4.23645, -0.370039, 0.578304, 
4.24449, -0.365384, 0.580327, 
4.25252, -0.360711, 0.582311, 
4.26057, -0.356019, 0.584256, 
4.26862, -0.351308, 0.58616, 
4.27667, -0.346579, 0.588025, 
4.28473, -0.341833, 0.58985, 
4.2928, -0.337069, 0.591634, 
4.30086, -0.332288, 0.593379, 
4.30894, -0.32749, 0.595083, 
4.31702, -0.322675, 0.596746, 
4.3251, -0.317844, 0.598369, 
4.33319, -0.312997, 0.599951, 
4.34129, -0.308135, 0.601493, 
4.34939, -0.303257, 0.602993, 
4.35749, -0.298363, 0.604453, 
4.3656, -0.293455, 0.605871, 
4.37372, -0.288533, 0.607248, 
4.38184, -0.283596, 0.608584, 
4.38996, -0.278645, 0.609878, 
4.39809, -0.273681, 0.611131, 
4.40623, -0.268704, 0.612342, 
4.41437, -0.263713, 0.613511, 
4.42252, -0.25871, 0.614639, 
4.43067, -0.253695, 0.615724, 
4.43883, -0.248667, 0.616768, 
4.44699, -0.243628, 0.61777, 
4.45516, -0.238577, 0.618729, 
4.46334, -0.233516, 0.619646, 
4.47152, -0.228443, 0.620521, 
4.4797, -0.223361, 0.621354, 
4.48789, -0.218268, 0.622144, 
4.49609, -0.213165, 0.622892, 
4.50429, -0.208053, 0.623597, 
4.5125, -0.202932, 0.624259, 
4.52071, -0.197802, 0.624879, 
4.52893, -0.192664, 0.625456, 
4.53716, -0.187518, 0.62599, 
4.54539, -0.182364, 0.626481, 
4.55362, -0.177202, 0.62693, 
4.56186, -0.172034, 0.627335, 
4.57011, -0.166858, 0.627697, 
4.57836, -0.161677, 0.628017, 
4.58662, -0.156489, 0.628293, 
4.59489, -0.151296, 0.628526, 
4.60316, -0.146097, 0.628716, 
4.61143, -0.140894, 0.628863, 
4.61971, -0.135685, 0.628966, 
4.628, -0.130473, 0.629027, 
4.63629, -0.125256, 0.629044, 
4.64459, -0.120036, 0.629017, 
4.6529, -0.114813, 0.628948, 
4.66121, -0.109587, 0.628835, 
4.66952, -0.104358, 0.628679, 
4.67784, -0.0991278, 0.628479, 
4.68617, -0.0938954, 0.628236, 
4.6945, -0.0886616, 0.62795, 
4.70284, -0.0834267, 0.627621, 
4.71118, -0.0781912, 0.627248, 
4.71953, -0.0729554, 0.626832, 
4.72789, -0.0677197, 0.626372, 
4.73625, -0.0624845, 0.62587, 
4.74462, -0.05725, 0.625324, 
4.75299, -0.0520167, 0.624734, 
4.76137, -0.046785, 0.624102, 
4.76975, -0.0415553, 0.623426, 
4.77814, -0.0363278, 0.622708, 
4.78654, -0.0311031, 0.621946, 
4.79494, -0.0258814, 0.621141, 
4.80335, -0.0206632, 0.620293, 
4.81176, -0.0154488, 0.619402, 
4.82018, -0.0102387, 0.618468, 
4.8286, -0.00503308, 0.617491, 
4.83703, 0.000167525, 0.616471, 
4.84546, 0.00536277, 0.615409, 
4.8539, 0.0105523, 0.614304, 
4.86235, 0.0157356, 0.613156, 
4.8708, 0.0209125, 0.611966, 
4.87926, 0.0260824, 0.610733, 
4.88772, 0.0312451, 0.609458, 
4.89619, 0.0364001, 0.608141, 
4.90466, 0.041547, 0.606781, 
4.91314, 0.0466855, 0.605379, 
4.92162, 0.0518152, 0.603936, 
4.93011, 0.0569356, 0.60245, 
4.9386, 0.0620464, 0.600922, 
4.9471, 0.0671472, 0.599353, 
4.95561, 0.0722377, 0.597742, 
4.96412, 0.0773173, 0.59609, 
4.97263, 0.0823858, 0.594396, 
4.98115, 0.0874427, 0.592661, 
4.98968, 0.0924876, 0.590885, 
4.99821, 0.0975203, 0.589069, 
5.00674, 0.10254, 0.587211, 
5.01528, 0.107547, 0.585312, 
5.02383, 0.11254, 0.583373, 
5.03238, 0.11752, 0.581394, 
5.04093, 0.122485, 0.579374, 
5.04949, 0.127435, 0.577315, 
5.05805, 0.132371, 0.575215, 
5.06662, 0.137291, 0.573075, 
5.0752, 0.142195, 0.570896, 
5.08378, 0.147083, 0.568678, 
5.09236, 0.151954, 0.56642, 
5.10095, 0.156808, 0.564124, 
5.10954, 0.161645, 0.561788, 
5.11813, 0.166465, 0.559414, 
5.12673, 0.171266, 0.557001, 
5.13534, 0.176048, 0.554551, 
5.14395, 0.180812, 0.552062, 
5.15256, 0.185557, 0.549535, 
5.16118, 0.190281, 0.54697, 
5.1698, 0.194986, 0.544368, 
5.17843, 0.199671, 0.541729, 
5.18706, 0.204335, 0.539053, 
5.19569, 0.208977, 0.53634, 
5.20433, 0.213598, 0.533591, 
5.21297, 0.218198, 0.530805, 
5.22162, 0.222775, 0.527983, 
5.23027, 0.227329, 0.525126, 
5.23892, 0.231861, 0.522233, 
5.24758, 0.236369, 0.519304, 
5.25624, 0.240854, 0.516341, 
5.2649, 0.245315, 0.513342, 
5.27357, 0.249751, 0.51031, 
5.28224, 0.254163, 0.507243, 
5.29092, 0.258549, 0.504141, 
5.29959, 0.26291, 0.501007, 
5.30827, 0.267246, 0.497838, 
5.31696, 0.271555, 0.494637, 
5.32565, 0.275838, 0.491403, 
5.33434, 0.280094, 0.488136, 
5.34303, 0.284323, 0.484837, 
5.35172, 0.288525, 0.481506, 
5.36042, 0.292699, 0.478143, 
5.36912, 0.296845, 0.474749, 
5.37783, 0.300962, 0.471323, 
5.38654, 0.305051, 0.467867, 
5.39525, 0.309111, 0.464381, 
5.40396, 0.313142, 0.460864, 
5.41267, 0.317142, 0.457317, 
5.42139, 0.321113, 0.453741, 
5.43011, 0.325054, 0.450136, 
5.43883, 0.328964, 0.446502, 
5.44755, 0.332844, 0.442839, 
5.45628, 0.336692, 0.439148, 
5.46501, 0.340509, 0.435429, 
5.47374, 0.344294, 0.431683, 
5.48247, 0.348047, 0.427909, 
5.49121, 0.351768, 0.424109, 
5.49994, 0.355456, 0.420282, 
5.50868, 0.359112, 0.416429, 
5.51742, 0.362734, 0.41255, 
5.52616, 0.366324, 0.408645, 
5.5349, 0.369879, 0.404716, 
5.54365, 0.373401, 0.400761, 
5.5524, 0.376889, 0.396783, 
5.56114, 0.380343, 0.39278, 
5.56989, 0.383761, 0.388754, 
5.57864, 0.387146, 0.384704, 
5.58739, 0.390495, 0.380631, 
5.59615, 0.393808, 0.376536, 
5.6049, 0.397087, 0.372418, 
5.61366, 0.400329, 0.368279, 
5.62241, 0.403536, 0.364118, 
5.63117, 0.406706, 0.359936, 
5.63993, 0.40984, 0.355733, 
5.64869, 0.412938, 0.35151, 
5.65745, 0.415999, 0.347267, 
5.66621, 0.419023, 0.343004, 
5.67497, 0.422009, 0.338722, 
5.68373, 0.424959, 0.334421, 
5.6925, 0.427871, 0.330102, 
5.70126, 0.430745, 0.325764, 
5.71003, 0.433581, 0.321409, 
5.71879, 0.436379, 0.317037, 
5.72756, 0.439139, 0.312647, 
5.73632, 0.44186, 0.308242, 
5.74509, 0.444543, 0.303819, 
5.75386, 0.447188, 0.299381, 
5.76263, 0.449793, 0.294928, 
5.77139, 0.452359, 0.29046, 
5.78016, 0.454887, 0.285977, 
5.78893, 0.457375, 0.281479, 
5.7977, 0.459823, 0.276968, 
5.80647, 0.462232, 0.272443, 
5.81524, 0.464601, 0.267906, 
5.82401, 0.466931, 0.263355, 
5.83278, 0.46922, 0.258792, 
5.84155, 0.47147, 0.254217, 
5.85032, 0.473679, 0.249631, 
5.85909, 0.475848, 0.245034, 
5.86786, 0.477977, 0.240425, 
5.87663, 0.480065, 0.235807, 
5.8854, 0.482113, 0.231178, 
5.89417, 0.48412, 0.226539, 
5.90294, 0.486086, 0.221892, 
5.91171, 0.488012, 0.217235, 
5.92048, 0.489897, 0.21257, 
5.92925, 0.49174, 0.207897, 
5.93801, 0.493543, 0.203217, 
5.94678, 0.495304, 0.198528, 
5.95555, 0.497025, 0.193833, 
5.96432, 0.498704, 0.189132, 
5.97309, 0.500342, 0.184424, 
5.98186, 0.501938, 0.17971, 
5.99063, 0.503493, 0.174991, 
5.9994, 0.505007, 0.170267, 
6.00816, 0.506479, 0.165538, 
6.01693, 0.50791, 0.160805, 
6.0257, 0.509299, 0.156067, 
6.03447, 0.510646, 0.151327, 
6.04323, 0.511952, 0.146583, 
6.052, 0.513217, 0.141836, 
6.06077, 0.514439, 0.137087, 
6.06954, 0.51562, 0.132335, 
6.0783, 0.51676, 0.127582, 
6.08707, 0.517857, 0.122828, 
6.09583, 0.518913, 0.118072, 
6.1046, 0.519927, 0.113316, 
6.11337, 0.5209, 0.10856, 
6.12213, 0.52183, 0.103804, 
6.1309, 0.522719, 0.0990478, 
6.13966, 0.523567, 0.0942928, 
6.14843, 0.524372, 0.089539, 
6.15719, 0.525136, 0.0847866, 
6.16596, 0.525859, 0.0800362, 
6.17472, 0.526539, 0.075288, 
6.18349, 0.527178, 0.0705423, 
6.19225, 0.527776, 0.0657996, 
6.20101, 0.528332, 0.0610601, 
6.20978, 0.528846, 0.0563243, 
6.21854, 0.529319, 0.0515925, 
6.22731, 0.529751, 0.046865, 
6.23607, 0.530141, 0.0421421, 
6.24484, 0.530489, 0.0374243, 
6.2536, 0.530797, 0.0327118, 
6.26237, 0.531063, 0.028005, 
6.27113, 0.531288, 0.0233042, 
6.2799, 0.531471, 0.0186098, 
6.28866, 0.531614, 0.013922, 
6.29743, 0.531715, 0.00924133, 
6.30619, 0.531776, 0.004568, 
6.31496, 0.531795, -9.76432e-05, 
6.32373, 0.531774, -0.00475526, 
6.33249, 0.531712, -0.00940453, 
6.34126, 0.531609, -0.0140451, 
6.35003, 0.531466, -0.0186767, 
6.3588, 0.531282, -0.023299, 
6.36756, 0.531057, -0.0279116, 
6.37633, 0.530792, -0.0325142, 
6.3851, 0.530487, -0.0371066, 
6.39387, 0.530141, -0.0416884, 
6.40264, 0.529756, -0.0462592, 
6.41141, 0.52933, -0.0508188, 
6.42018, 0.528864, -0.0553668, 
6.42896, 0.528359, -0.059903, 
6.43773, 0.527813, -0.064427, 
6.4465, 0.527228, -0.0689386, 
6.45528, 0.526603, -0.0734373, 
6.46405, 0.525939, -0.077923, 
6.47283, 0.525236, -0.0823953, 
6.48161, 0.524493, -0.0868538, 
6.49039, 0.523711, -0.0912984, 
6.49917, 0.52289, -0.0957287, 
6.50795, 0.52203, -0.100144, 
6.51673, 0.521131, -0.104545, 
6.52551, 0.520193, -0.108931, 
6.5343, 0.519217, -0.113301, 
6.54308, 0.518203, -0.117655, 
6.55187, 0.51715, -0.121993, 
6.56066, 0.516059, -0.126315, 
6.56945, 0.514929, -0.13062, 
6.57824, 0.513762, -0.134909, 
6.58703, 0.512557, -0.13918, 
6.59583, 0.511315, -0.143433, 
6.60462, 0.510034, -0.147669, 
6.61342, 0.508717, -0.151887, 
6.62222, 0.507362, -0.156086, 
6.63102, 0.505969, -0.160267, 
6.63982, 0.50454, -0.164429, 
6.64863, 0.503074, -0.168572, 
6.65743, 0.501572, -0.172695, 
6.66624, 0.500032, -0.176798, 
6.67505, 0.498457, -0.180882, 
6.68386, 0.496845, -0.184945, 
6.69268, 0.495196, -0.188988, 
6.7015, 0.493512, -0.19301, 
6.71031, 0.491792, -0.197011, 
6.71914, 0.490037, -0.20099, 
6.72796, 0.488246, -0.204948, 
6.73679, 0.48642, -0.208884, 
6.74561, 0.484558, -0.212798, 
6.75445, 0.482662, -0.21669, 
6.76328, 0.48073, -0.220559, 
6.77212, 0.478764, -0.224405, 
6.78095, 0.476764, -0.228228, 
6.7898, 0.474729, -0.232028, 
6.79864, 0.47266, -0.235803, 
6.80749, 0.470557, -0.239555, 
6.81634, 0.468421, -0.243283, 
6.82519, 0.46625, -0.246987, 
6.83405, 0.464046, -0.250666, 
6.84291, 0.461809, -0.25432, 
6.85177, 0.459539, -0.257949, 
6.86064, 0.457236, -0.261552, 
6.86951, 0.454901, -0.26513, 
6.87838, 0.452533, -0.268682, 
6.88725, 0.450132, -0.272208, 
6.89613, 0.4477, -0.275707, 
6.90502, 0.445235, -0.27918, 
6.9139, 0.442739, -0.282627, 
6.92279, 0.440211, -0.286046, 
6.93169, 0.437652, -0.289438, 
6.94058, 0.435061, -0.292802, 
6.94948, 0.43244, -0.296139, 
6.95839, 0.429788, -0.299448, 
6.9673, 0.427106, -0.302728, 
6.97621, 0.424393, -0.305981, 
6.98513, 0.42165, -0.309204, 
6.99405, 0.418877, -0.312399, 
7.00298, 0.416075, -0.315565, 
7.01191, 0.413243, -0.318701, 
7.02084, 0.410382, -0.321808, 
7.02978, 0.407491, -0.324885, 
7.03872, 0.404572, -0.327933, 
7.04767, 0.401625, -0.33095, 
7.05662, 0.398649, -0.333936, 
7.06558, 0.395645, -0.336893, 
7.07454, 0.392612, -0.339818, 
7.0835, 0.389553, -0.342713, 
7.09247, 0.386465, -0.345576, 
7.10145, 0.383351, -0.348408, 
7.11043, 0.380209, -0.351208, 
7.11941, 0.377041, -0.353977, 
7.1284, 0.373846, -0.356713, 
7.1374, 0.370625, -0.359417, 
7.1464, 0.367378, -0.362089, 
7.15541, 0.364105, -0.364729, 
7.16442, 0.360807, -0.367335, 
7.17343, 0.357483, -0.369909, 
7.18246, 0.354134, -0.372449, 
7.19148, 0.350761, -0.374956, 
7.20052, 0.347363, -0.377429, 
7.20956, 0.34394, -0.379869, 
7.2186, 0.340494, -0.382275, 
7.22765, 0.337023, -0.384647, 
7.2367, 0.333529, -0.386984, 
7.24577, 0.330012, -0.389287, 
7.25483, 0.326472, -0.391555, 
7.26391, 0.322909, -0.393789, 
7.27299, 0.319324, -0.395987, 
7.28207, 0.315716, -0.398151, 
7.29116, 0.312087, -0.400279, 
7.30026, 0.308435, -0.402371, 
7.30936, 0.304763, -0.404428, 
7.31847, 0.301069, -0.406449, 
7.32759, 0.297354, -0.408434, 
7.33671, 0.293619, -0.410382, 
7.34584, 0.289864, -0.412295, 
7.35498, 0.286089, -0.414171, 
7.36412, 0.282294, -0.41601, 
7.37327, 0.278479, -0.417812, 
7.38243, 0.274646, -0.419578, 
7.39159, 0.270793, -0.421306, 
7.40076, 0.266922, -0.422997, 
7.40994, 0.263033, -0.424651, 
7.41912, 0.259126, -0.426267, 
7.42831, 0.255201, -0.427845, 
7.43751, 0.251259, -0.429386, 
7.44671, 0.2473, -0.430889, 
7.45592, 0.243324, -0.432353, 
7.46514, 0.239332, -0.433779, 
7.47436, 0.235324, -0.435167, 
7.4836, 0.2313, -0.436516, 
7.49284, 0.22726, -0.437827, 
7.50208, 0.223205, -0.439099, 
7.51134, 0.219136, -0.440332, 
7.5206, 0.215052, -0.441526, 
7.52987, 0.210953, -0.442681, 
7.53915, 0.206841, -0.443796, 
7.54843, 0.202716, -0.444873, 
7.55773, 0.198577, -0.445909, 
7.56703, 0.194425, -0.446907, 
7.57633, 0.190261, -0.447864, 
7.58565, 0.186085, -0.448782, 
7.59497, 0.181896, -0.449659, 
7.6043, 0.177697, -0.450497, 
7.61364, 0.173486, -0.451295, 
7.62299, 0.169264, -0.452052, 
7.63234, 0.165032, -0.452769, 
7.6417, 0.16079, -0.453446, 
7.65107, 0.156538, -0.454082, 
7.66045, 0.152276, -0.454678, 
7.66984, 0.148006, -0.455233, 
7.67923, 0.143726, -0.455748, 
7.68864, 0.139439, -0.456222, 
7.69805, 0.135143, -0.456655, 
7.70747, 0.13084, -0.457047, 
7.71689, 0.12653, -0.457398, 
7.72633, 0.122213, -0.457708, 
7.73577, 0.117889, -0.457977, 
7.74522, 0.113559, -0.458205, 
7.75468, 0.109224, -0.458391, 
7.76415, 0.104883, -0.458537, 
7.77363, 0.100537, -0.458641, 
7.78311, 0.0961862, -0.458704, 
7.79261, 0.0918315, -0.458725, 
7.80211, 0.087473, -0.458705, 
7.81162, 0.083111, -0.458644, 
7.82114, 0.078746, -0.458541, 
7.83066, 0.0743784, -0.458397, 
7.8402, 0.0700085, -0.458211, 
7.84974, 0.0656367, -0.457984, 
7.85929, 0.0612635, -0.457716, 
7.86885, 0.0568892, -0.457406, 
7.87842, 0.0525142, -0.457054, 
7.888, 0.048139, -0.456661, 
7.89758, 0.0437639, -0.456226, 
7.90717, 0.0393894, -0.45575, 
7.91678, 0.0350159, -0.455233, 
7.92639, 0.0306437, -0.454674, 
7.936, 0.0262733, -0.454073, 
7.94563, 0.0219051, -0.453432, 
7.95526, 0.0175396, -0.452749, 
7.96491, 0.0131771, -0.452024, 
7.97456, 0.00881801, -0.451258, 
7.98422, 0.00446282, -0.450451, 
7.99389, 0.000111927, -0.449603, 
8.00356, -0.00423425, -0.448714, 
8.01325, -0.00857528, -0.447784, 
8.02294, -0.0129108, -0.446813, 
8.03264, -0.0172402, -0.445801, 
8.04235, -0.0215633, -0.444748, 
8.05207, -0.0258795, -0.443654, 
8.06179, -0.0301884, -0.442519, 
8.07152, -0.0344897, -0.441344, 
8.08126, -0.0387828, -0.440129, 
8.09101, -0.0430673, -0.438873, 
8.10077, -0.0473428, -0.437577, 
8.11053, -0.0516089, -0.43624, 
8.1203, -0.0558652, -0.434864, 
8.13008, -0.0601111, -0.433448, 
8.13987, -0.0643463, -0.431992, 
8.14966, -0.0685704, -0.430496, 
8.15947, -0.0727828, -0.428961, 
8.16928, -0.0769832, -0.427386, 
8.17909, -0.0811712, -0.425772, 
8.18892, -0.0853463, -0.424119, 
8.19875, -0.089508, -0.422427, 
8.20859, -0.0936559, -0.420696, 
8.21844, -0.0977897, -0.418927, 
8.22829, -0.101909, -0.417119, 
8.23815, -0.106013, -0.415273, 
8.24802, -0.110101, -0.413389, 
8.25789, -0.114174, -0.411467, 
8.26777, -0.11823, -0.409508, 
8.27766, -0.12227, -0.407511, 
8.28756, -0.126292, -0.405476, 
8.29746, -0.130297, -0.403405, 
8.30737, -0.134283, -0.401297, 
8.31728, -0.138251, -0.399152, 
8.3272, -0.142201, -0.396971, 
8.33713, -0.14613, -0.394754, 
8.34706, -0.15004, -0.392501, 
8.357, -0.15393, -0.390212, 
8.36695, -0.1578, -0.387888, 
8.3769, -0.161648, -0.385529, 
8.38686, -0.165475, -0.383135, 
8.39682, -0.16928, -0.380706, 
8.40679, -0.173063, -0.378244, 
8.41676, -0.176823, -0.375747, 
8.42674, -0.18056, -0.373216, 
8.43673, -0.184274, -0.370651, 
8.44672, -0.187964, -0.368054, 
8.45671, -0.19163, -0.365424, 
8.46671, -0.195271, -0.362761, 
8.47672, -0.198887, -0.360066, 
8.48673, -0.202478, -0.357339, 
8.49674, -0.206043, -0.35458, 
8.50676, -0.209582, -0.35179, 
8.51679, -0.213094, -0.348969, 
8.52681, -0.21658, -0.346117, 
8.53685, -0.220038, -0.343235, 
8.54688, -0.223469, -0.340323, 
8.55693, -0.226871, -0.337382, 
8.56697, -0.230245, -0.334411, 
8.57702, -0.233591, -0.331411, 
8.58707, -0.236908, -0.328382, 
8.59713, -0.240195, -0.325326, 
8.60719, -0.243452, -0.322241, 
8.61726, -0.24668, -0.319129, 
8.62732, -0.249877, -0.31599, 
8.63739, -0.253044, -0.312824, 
8.64747, -0.256179, -0.309632, 
8.65755, -0.259283, -0.306414, 
8.66763, -0.262356, -0.30317, 
8.67771, -0.265396, -0.299901, 
8.6878, -0.268404, -0.296608, 
8.69788, -0.27138, -0.29329, 
8.70798, -0.274323, -0.289947, 
8.71807, -0.277233, -0.286582, 
8.72817, -0.280109, -0.283193, 
8.73827, -0.282952, -0.279781, 
8.74837, -0.285761, -0.276347, 
8.75847, -0.288535, -0.272891, 
8.76857, -0.291275, -0.269413, 
8.77868, -0.293981, -0.265914, 
8.78879, -0.296651, -0.262395, 
8.7989, -0.299286, -0.258855, 
8.80901, -0.301886, -0.255295, 
8.81913, -0.30445, -0.251716, 
8.82924, -0.306978, -0.248118, 
8.83936, -0.30947, -0.244501, 
8.84948, -0.311926, -0.240866, 
8.8596, -0.314345, -0.237213, 
8.86972, -0.316727, -0.233543, 
8.87984, -0.319073, -0.229856, 
8.88997, -0.321381, -0.226152, 
8.90009, -0.323652, -0.222433, 
8.91022, -0.325885, -0.218698, 
8.92034, -0.328081, -0.214947, 
8.93047, -0.330239, -0.211182, 
8.9406, -0.332358, -0.207403, 
8.95073, -0.33444, -0.20361, 
8.96086, -0.336483, -0.199803, 
8.97098, -0.338487, -0.195983, 
8.98111, -0.340453, -0.192151, 
8.99125, -0.342381, -0.188307, 
9.00138, -0.344269, -0.184451, 
9.01151, -0.346118, -0.180584, 
9.02164, -0.347928, -0.176706, 
9.03177, -0.349699, -0.172818, 
9.0419, -0.35143, -0.168919, 
9.05204, -0.353122, -0.165012, 
9.06217, -0.354774, -0.161095, 
9.0723, -0.356386, -0.157169, 
9.08243, -0.357959, -0.153236, 
9.09256, -0.359491, -0.149294, 
9.1027, -0.360984, -0.145345, 
9.11283, -0.362437, -0.14139, 
9.12296, -0.363849, -0.137428, 
9.13309, -0.365222, -0.133459, 
9.14323, -0.366554, -0.129486, 
9.15336, -0.367846, -0.125507, 
9.16349, -0.369097, -0.121523, 
9.17362, -0.370308, -0.117535, 
9.18375, -0.371479, -0.113543, 
9.19389, -0.372609, -0.109547, 
9.20402, -0.373699, -0.105549, 
9.21415, -0.374748, -0.101548, 
9.22428, -0.375756, -0.0975441, 
9.23441, -0.376724, -0.0935388, 
9.24454, -0.377651, -0.0895321, 
9.25467, -0.378538, -0.0855245, 
9.2648, -0.379384, -0.0815162, 
9.27493, -0.38019, -0.0775078, 
9.28506, -0.380954, -0.0734996, 
9.29519, -0.381679, -0.0694921, 
9.30532, -0.382362, -0.0654856, 
9.31545, -0.383005, -0.0614805, 
9.32558, -0.383608, -0.0574773, 
9.33571, -0.38417, -0.0534764, 
9.34584, -0.384691, -0.0494781, 
9.35597, -0.385172, -0.0454828, 
9.36609, -0.385613, -0.041491, 
9.37622, -0.386013, -0.037503, 
9.38635, -0.386372, -0.0335193, 
9.39648, -0.386692, -0.0295401, 
9.40661, -0.386971, -0.0255659, 
9.41674, -0.38721, -0.0215971, 
9.42687, -0.387408, -0.0176341, 
9.437, -0.387567, -0.0136772, 
9.44713, -0.387685, -0.00972681, 
9.45726, -0.387764, -0.00578332, 
9.46739, -0.387803, -0.0018471, 
9.47752, -0.387801, 0.00208149, 
9.48765, -0.38776, 0.00600206, 
9.49778, -0.38768, 0.00991425, 
9.50791, -0.387559, 0.0138177, 
9.51805, -0.3874, 0.017712, 
9.52818, -0.387201, 0.0215969, 
9.53831, -0.386962, 0.0254719, 
9.54845, -0.386684, 0.0293368, 
9.55858, -0.386367, 0.0331911, 
9.56872, -0.386011, 0.0370345, 
9.57886, -0.385617, 0.0408666, 
9.589, -0.385183, 0.0446872, 
9.59913, -0.38471, 0.0484958, 
9.60927, -0.384199, 0.0522921, 
9.61942, -0.38365, 0.0560757, 
9.62956, -0.383062, 0.0598464, 
9.6397, -0.382436, 0.0636037, 
9.64985, -0.381771, 0.0673474, 
9.65999, -0.381069, 0.0710771, 
9.67014, -0.380329, 0.0747924, 
9.68029, -0.379551, 0.0784931, 
9.69044, -0.378736, 0.0821788, 
9.70059, -0.377883, 0.0858492, 
9.71075, -0.376992, 0.0895039, 
9.72091, -0.376065, 0.0931426, 
9.73106, -0.3751, 0.0967651, 
9.74122, -0.374099, 0.100371, 
9.75139, -0.37306, 0.10396, 
9.76155, -0.371985, 0.107531, 
9.77172, -0.370874, 0.111085, 
9.78189, -0.369726, 0.114622, 
9.79206, -0.368543, 0.11814, 
9.80223, -0.367323, 0.121639, 
9.81241, -0.366067, 0.12512, 
9.82259, -0.364776, 0.128581, 
9.83277, -0.363449, 0.132023, 
9.84295, -0.362087, 0.135446, 
9.85314, -0.36069, 0.138848, 
9.86333, -0.359257, 0.14223, 
9.87353, -0.35779, 0.145591, 
9.88372, -0.356289, 0.148932, 
9.89392, -0.354753, 0.152251, 
9.90413, -0.353182, 0.155549, 
9.91433, -0.351578, 0.158825, 
9.92455, -0.349939, 0.162079, 
9.93476, -0.348267, 0.16531, 
9.94498, -0.346562, 0.168519, 
9.9552, -0.344823, 0.171705, 
9.96543, -0.343051, 0.174868, 
9.97566, -0.341246, 0.178007, 
9.98589, -0.339408, 0.181123, 
9.99613, -0.337538, 0.184214, 
10.0064, -0.335635, 0.187281, 
10.0166, -0.3337, 0.190324, 
10.0269, -0.331734, 0.193341, 
10.0371, -0.329735, 0.196334, 
10.0474, -0.327705, 0.199301, 
10.0577, -0.325644, 0.202242, 
10.0679, -0.323552, 0.205158, 
10.0782, -0.321429, 0.208047, 
10.0885, -0.319275, 0.21091, 
10.0988, -0.317091, 0.213746, 
10.1091, -0.314877, 0.216555, 
10.1194, -0.312633, 0.219337, 
10.1297, -0.310359, 0.222091, 
10.14, -0.308055, 0.224818, 
10.1503, -0.305722, 0.227517, 
10.1606, -0.303361, 0.230187, 
10.1709, -0.30097, 0.232829, 
10.1813, -0.298551, 0.235443, 
10.1916, -0.296104, 0.238027, 
10.2019, -0.293628, 0.240582, 
10.2123, -0.291125, 0.243108, 
10.2226, -0.288594, 0.245604, 
10.233, -0.286036, 0.24807, 
10.2434, -0.283451, 0.250506, 
10.2538, -0.280838, 0.252911, 
10.2641, -0.2782, 0.255286, 
10.2745, -0.275535, 0.25763, 
10.2849, -0.272844, 0.259943, 
10.2953, -0.270127, 0.262224, 
10.3057, -0.267385, 0.264475, 
10.3162, -0.264617, 0.266693, 
10.3266, -0.261825, 0.268879, 
10.337, -0.259008, 0.271033, 
10.3475, -0.256166, 0.273155, 
10.3579, -0.253301, 0.275244, 
10.3684, -0.250411, 0.2773, 
10.3788, -0.247498, 0.279324, 
10.3893, -0.244562, 0.281313, 
10.3998, -0.241602, 0.28327, 
10.4103, -0.23862, 0.285193, 
10.4208, -0.235616, 0.287082, 
10.4313, -0.232589, 0.288936, 
10.4418, -0.22954, 0.290757, 
10.4523, -0.22647, 0.292543, 
10.4629, -0.223379, 0.294294, 
10.4734, -0.220267, 0.296011, 
10.484, -0.217134, 0.297692, 
10.4945, -0.213981, 0.299338, 
10.5051, -0.210808, 0.300949, 
10.5157, -0.207616, 0.302524, 
10.5263, -0.204404, 0.304063, 
10.5369, -0.201173, 0.305567, 
10.5475, -0.197923, 0.307034, 
10.5581, -0.194655, 0.308465, 
10.5687, -0.191369, 0.309859, 
10.5794, -0.188065, 0.311217, 
10.59, -0.184744, 0.312537, 
10.6007, -0.181405, 0.313821, 
10.6114, -0.17805, 0.315068, 
10.622, -0.174679, 0.316277, 
10.6327, -0.171292, 0.317449, 
10.6434, -0.167889, 0.318583, 
10.6541, -0.164471, 0.319679, 
10.6649, -0.161038, 0.320737, 
10.6756, -0.15759, 0.321758, 
10.6863, -0.154128, 0.32274, 
10.6971, -0.150652, 0.323683, 
10.7079, -0.147163, 0.324588, 
10.7186, -0.14366, 0.325455, 
10.7294, -0.140145, 0.326283, 
10.7402, -0.136618, 0.327071, 
10.751, -0.133078, 0.327821, 
10.7618, -0.129527, 0.328532, 
10.7727, -0.125965, 0.329203, 
10.7835, -0.122391, 0.329835, 
10.7944, -0.118808, 0.330427, 
10.8052, -0.115214, 0.33098, 
10.8161, -0.111611, 0.331493, 
10.827, -0.107998, 0.331966, 
10.8379, -0.104377, 0.332399, 
10.8488, -0.100747, 0.332793, 
10.8597, -0.0971094, 0.333146, 
10.8707, -0.093464, 0.333459, 
10.8816, -0.0898114, 0.333732, 
10.8926, -0.086152, 0.333964, 
10.9036, -0.0824863, 0.334156, 
10.9145, -0.0788147, 0.334308, 
10.9255, -0.0751375, 0.334419, 
10.9366, -0.0714553, 0.33449, 
10.9476, -0.0677685, 0.33452, 
10.9586, -0.0640775, 0.334509, 
10.9697, -0.0603828, 0.334457, 
10.9807, -0.0566847, 0.334365, 
10.9918, -0.0529838, 0.334232, 
11.0029, -0.0492805, 0.334058, 
11.014, -0.0455753, 0.333843, 
11.0251, -0.0418685, 0.333587, 
11.0362, -0.0381607, 0.33329, 
11.0473, -0.0344523, 0.332953, 
11.0585, -0.0307438, 0.332575, 
11.0696, -0.0270357, 0.332155, 
11.0808, -0.0233284, 0.331695, 
11.092, -0.0196223, 0.331194, 
11.1032, -0.015918, 0.330652, 
11.1144, -0.012216, 0.330069, 
11.1256, -0.00851668, 0.329445, 
11.1368, -0.00482055, 0.328781, 
11.1481, -0.0011281, 0.328076, 
11.1593, 0.00256018, 0.32733, 
11.1706, 0.00624382, 0.326544, 
11.1819, 0.00992231, 0.325717, 
11.1932, 0.0135952, 0.32485, 
11.2045, 0.0172619, 0.323942, 
11.2158, 0.0209221, 0.322994, 
11.2271, 0.0245751, 0.322006, 
11.2384, 0.0282205, 0.320977, 
11.2498, 0.0318578, 0.319909, 
11.2611, 0.0354865, 0.3188, 
11.2725, 0.0391061, 0.317652, 
11.2839, 0.0427161, 0.316464, 
11.2953, 0.046316, 0.315237, 
11.3067, 0.0499052, 0.31397, 
11.3181, 0.0534834, 0.312664, 
11.3296, 0.0570499, 0.311319, 
11.341, 0.0606043, 0.309935, 
11.3525, 0.0641461, 0.308512, 
11.3639, 0.0676747, 0.307051, 
11.3754, 0.0711897, 0.305551, 
11.3869, 0.0746906, 0.304013, 
11.3984, 0.0781768, 0.302437, 
11.4099, 0.0816478, 0.300823, 
11.4214, 0.0851032, 0.299172, 
11.4329, 0.0885424, 0.297483, 
11.4445, 0.091965, 0.295757, 
11.456, 0.0953704, 0.293994, 
11.4676, 0.0987582, 0.292195, 
11.4791, 0.102128, 0.290359, 
11.4907, 0.105479, 0.288487, 
11.5023, 0.108811, 0.286579, 
11.5139, 0.112123, 0.284635, 
11.5255, 0.115415, 0.282656, 
11.5371, 0.118686, 0.280642, 
11.5488, 0.121936, 0.278594, 
11.5604, 0.125165, 0.276511, 
11.572, 0.128372, 0.274394, 
11.5837, 0.131556, 0.272243, 
11.5953, 0.134717, 0.270058, 
11.607, 0.137855, 0.267841, 
11.6187, 0.140969, 0.26559, 
11.6304, 0.144058, 0.263308, 
11.642, 0.147123, 0.260993, 
11.6537, 0.150162, 0.258646, 
11.6655, 0.153175, 0.256268, 
11.6772, 0.156163, 0.253859, 
11.6889, 0.159123, 0.25142, 
11.7006, 0.162057, 0.24895, 
11.7123, 0.164963, 0.24645, 
11.7241, 0.167841, 0.243921, 
11.7358, 0.170691, 0.241363, 
11.7476, 0.173512, 0.238777, 
11.7593, 0.176304, 0.236162, 
11.7711, 0.179066, 0.233519, 
11.7829, 0.181799, 0.230849, 
11.7946, 0.184501, 0.228153, 
11.8064, 0.187172, 0.225429, 
11.8182, 0.189812, 0.22268, 
11.83, 0.192421, 0.219905, 
11.8418, 0.194998, 0.217106, 
11.8536, 0.197543, 0.214281, 
11.8654, 0.200055, 0.211432, 
11.8772, 0.202534, 0.20856, 
11.889, 0.20498, 0.205664, 
11.9008, 0.207393, 0.202746, 
11.9126, 0.209771, 0.199805, 
11.9244, 0.212116, 0.196842, 
11.9363, 0.214426, 0.193859, 
11.9481, 0.216701, 0.190854, 
11.9599, 0.218941, 0.187829, 
11.9718, 0.221145, 0.184784, 
11.9836, 0.223315, 0.18172, 
11.9954, 0.225448, 0.178637, 
12.0073, 0.227545, 0.175535, 
12.0191, 0.229605, 0.172416, 
12.031, 0.231629, 0.169279, 
12.0428, 0.233616, 0.166126, 
12.0547, 0.235566, 0.162956, 
12.0665, 0.237478, 0.15977, 
12.0784, 0.239353, 0.156569, 
12.0902, 0.24119, 0.153353, 
12.1021, 0.242989, 0.150123, 
12.1139, 0.24475, 0.146879, 
12.1258, 0.246472, 0.143622, 
12.1376, 0.248156, 0.140352, 
12.1495, 0.249801, 0.13707, 
12.1614, 0.251408, 0.133776, 
12.1732, 0.252975, 0.130471, 
12.1851, 0.254503, 0.127155, 
12.197, 0.255992, 0.12383, 
12.2088, 0.257441, 0.120494, 
12.2207, 0.258851, 0.117149, 
12.2326, 0.260221, 0.113796, 
12.2444, 0.261551, 0.110434, 
12.2563, 0.262842, 0.107065, 
12.2681, 0.264092, 0.103689, 
12.28, 0.265302, 0.100306, 
12.2919, 0.266472, 0.0969167, 
12.3037, 0.267602, 0.093522, 
12.3156, 0.268692, 0.0901223, 
12.3275, 0.269741, 0.0867179, 
12.3393, 0.27075, 0.0833095, 
12.3512, 0.271718, 0.0798974, 
12.3631, 0.272646, 0.0764823, 
12.3749, 0.273533, 0.0730645, 
12.3868, 0.274379, 0.0696446, 
12.3987, 0.275185, 0.0662231, 
12.4105, 0.275951, 0.0628004, 
12.4224, 0.276676, 0.059377, 
12.4343, 0.27736, 0.0559535, 
12.4461, 0.278003, 0.0525303, 
12.458, 0.278606, 0.0491078, 
12.4698, 0.279168, 0.0456866, 
12.4817, 0.27969, 0.0422671, 
12.4936, 0.280171, 0.0388499, 
12.5054, 0.280612, 0.0354352, 
12.5173, 0.281012, 0.0320238, 
12.5292, 0.281372, 0.0286159, 
12.541, 0.281691, 0.025212, 
12.5529, 0.28197, 0.0218127, 
12.5648, 0.282209, 0.0184183, 
12.5766, 0.282407, 0.0150293, 
12.5885, 0.282565, 0.0116462, 
12.6003, 0.282683, 0.00826937, 
12.6122, 0.282761, 0.00489931, 
12.6241, 0.2828, 0.00153644, 
12.6359, 0.282798, -0.00181881, 
12.6478, 0.282756, -0.00516599, 
12.6597, 0.282675, -0.00850468, 
12.6715, 0.282555, -0.0118345, 
12.6834, 0.282394, -0.0151549, 
12.6953, 0.282195, -0.0184655, 
12.7071, 0.281956, -0.021766, 
12.719, 0.281678, -0.0250559, 
12.7309, 0.281361, -0.0283347, 
12.7428, 0.281005, -0.0316021, 
12.7546, 0.280611, -0.0348577, 
12.7665, 0.280177, -0.038101, 
12.7784, 0.279706, -0.0413317, 
12.7903, 0.279196, -0.0445493, 
12.8021, 0.278647, -0.0477534, 
12.814, 0.278061, -0.0509438, 
12.8259, 0.277436, -0.0541199, 
12.8378, 0.276774, -0.0572813, 
12.8497, 0.276075, -0.0604278, 
12.8616, 0.275337, -0.0635588, 
12.8735, 0.274563, -0.0666741, 
12.8854, 0.273751, -0.0697733, 
12.8973, 0.272903, -0.0728559, 
12.9092, 0.272017, -0.0759216, 
12.9211, 0.271095, -0.07897, 
12.933, 0.270137, -0.0820008, 
12.9449, 0.269142, -0.0850136, 
12.9568, 0.268111, -0.088008, 
12.9687, 0.267045, -0.0909837, 
12.9806, 0.265942, -0.0939403, 
12.9926, 0.264805, -0.0968775, 
13.0045, 0.263631, -0.0997948, 
13.0164, 0.262423, -0.102692, 
13.0284, 0.26118, -0.105569, 
13.0403, 0.259902, -0.108425, 
13.0523, 0.25859, -0.111259, 
13.0642, 0.257243, -0.114073, 
13.0762, 0.255863, -0.116864, 
13.0881, 0.254448, -0.119633, 
13.1001, 0.253, -0.12238, 
13.1121, 0.251519, -0.125104, 
13.124, 0.250004, -0.127804, 
13.136, 0.248457, -0.130481, 
13.148, 0.246876, -0.133135, 
13.16, 0.245264, -0.135764, 
13.172, 0.243619, -0.138368, 
13.184, 0.241942, -0.140948, 
13.196, 0.240233, -0.143503, 
13.2081, 0.238492, -0.146032, 
13.2201, 0.236721, -0.148536, 
13.2321, 0.234918, -0.151013, 
13.2442, 0.233085, -0.153465, 
13.2562, 0.231221, -0.155889, 
13.2683, 0.229327, -0.158287, 
13.2803, 0.227403, -0.160657, 
13.2924, 0.225449, -0.163, 
13.3045, 0.223466, -0.165315, 
13.3166, 0.221454, -0.167602, 
13.3287, 0.219413, -0.16986, 
13.3408, 0.217343, -0.17209, 
13.3529, 0.215244, -0.174291, 
13.365, 0.213118, -0.176462, 
13.3771, 0.210964, -0.178604, 
13.3893, 0.208782, -0.180716, 
13.4014, 0.206574, -0.182798, 
13.4136, 0.204338, -0.18485, 
13.4258, 0.202076, -0.186871, 
13.438, 0.199787, -0.188861, 
13.4501, 0.197472, -0.19082, 
13.4623, 0.195132, -0.192747, 
13.4746, 0.192766, -0.194643, 
13.4868, 0.190376, -0.196507, 
13.499, 0.18796, -0.198338, 
13.5113, 0.18552, -0.200137, 
13.5235, 0.183056, -0.201903, 
13.5358, 0.180568, -0.203636, 
13.5481, 0.178057, -0.205336, 
13.5604, 0.175522, -0.207002, 
13.5727, 0.172965, -0.208635, 
13.585, 0.170385, -0.210234, 
13.5973, 0.167784, -0.211798, 
13.6097, 0.16516, -0.213328, 
13.622, 0.162515, -0.214823, 
13.6344, 0.159849, -0.216284, 
13.6468, 0.157162, -0.217709, 
13.6592, 0.154455, -0.219099, 
13.6716, 0.151728, -0.220453, 
13.684, 0.148981, -0.221771, 
13.6964, 0.146215, -0.223053, 
13.7089, 0.143431, -0.224299, 
13.7213, 0.140627, -0.225509, 
13.7338, 0.137806, -0.226682, 
13.7463, 0.134967, -0.227818, 
13.7588, 0.132111, -0.228917, 
13.7713, 0.129237, -0.229979, 
13.7839, 0.126348, -0.231003, 
13.7964, 0.123442, -0.231989, 
13.809, 0.12052, -0.232938, 
13.8216, 0.117583, -0.233849, 
13.8342, 0.114632, -0.234721, 
13.8468, 0.111665, -0.235555, 
13.8594, 0.108685, -0.236351, 
13.8721, 0.105691, -0.237108, 
13.8847, 0.102684, -0.237826, 
13.8974, 0.0996644, -0.238504, 
13.9101, 0.0966324, -0.239144, 
13.9228, 0.0935885, -0.239744, 
13.9355, 0.0905333, -0.240305, 
13.9483, 0.0874671, -0.240826, 
13.961, 0.0843904, -0.241307, 
13.9738, 0.0813038, -0.241749, 
13.9866, 0.0782075, -0.24215, 
13.9994, 0.0751023, -0.242511, 
14.0123, 0.0719884, -0.242832, 
14.0251, 0.0688665, -0.243113, 
14.038, 0.0657369, -0.243353, 
14.0509, 0.0626002, -0.243552, 
14.0638, 0.0594569, -0.243711, 
14.0767, 0.0563074, -0.243829, 
14.0896, 0.0531524, -0.243906, 
14.1026, 0.0499922, -0.243942, 
14.1155, 0.0468274, -0.243937, 
14.1285, 0.0436586, -0.243891, 
14.1415, 0.0404862, -0.243804, 
14.1546, 0.0373108, -0.243675, 
14.1676, 0.0341329, -0.243506, 
14.1807, 0.030953, -0.243295, 
14.1938, 0.0277717, -0.243043, 
14.2069, 0.0245895, -0.242749, 
14.22, 0.021407, -0.242415, 
14.2331, 0.0182248, -0.242039, 
14.2463, 0.0150433, -0.241621, 
14.2595, 0.0118632, -0.241162, 
14.2726, 0.00868498, -0.240662, 
14.2859, 0.00550925, -0.240121, 
14.2991, 0.00233658, -0.239538, 
14.3123, -0.000832474, -0.238914, 
14.3256, -0.00399732, -0.238249, 
14.3389, -0.00715738, -0.237543, 
14.3522, -0.0103121, -0.236796, 
14.3655, -0.0134608, -0.236008, 
14.3788, -0.016603, -0.235179, 
14.3922, -0.019738, -0.234309, 
14.4056, -0.0228653, -0.233399, 
14.419, -0.0259842, -0.232448, 
14.4324, -0.0290943, -0.231457, 
14.4458, -0.0321947, -0.230425, 
14.4592, -0.0352851, -0.229353, 
14.4727, -0.0383647, -0.228242, 
14.4862, -0.0414329, -0.22709, 
14.4997, -0.0444892, -0.225899, 
14.5132, -0.0475329, -0.224669, 
14.5267, -0.0505634, -0.223399, 
14.5402, -0.0535802, -0.222091, 
14.5538, -0.0565826, -0.220743, 
14.5674, -0.0595699, -0.219357, 
14.581, -0.0625417, -0.217933, 
14.5946, -0.0654972, -0.216471, 
14.6082, -0.0684359, -0.214971, 
14.6218, -0.0713572, -0.213433, 
14.6355, -0.0742604, -0.211859, 
14.6491, -0.077145, -0.210247, 
14.6628, -0.0800104, -0.208599, 
14.6765, -0.0828559, -0.206914, 
14.6902, -0.0856811, -0.205194, 
14.704, -0.0884852, -0.203438, 
14.7177, -0.0912677, -0.201647, 
14.7314, -0.094028, -0.19982, 
14.7452, -0.0967656, -0.19796, 
14.759, -0.0994798, -0.196065, 
14.7728, -0.10217, -0.194137, 
14.7866, -0.104836, -0.192175, 
14.8004, -0.107477, -0.19018, 
14.8142, -0.110092, -0.188153, 
14.828, -0.112681, -0.186094, 
14.8419, -0.115244, -0.184004, 
14.8558, -0.117779, -0.181882, 
14.8696, -0.120286, -0.17973, 
14.8835, -0.122766, -0.177547, 
14.8974, -0.125216, -0.175335, 
14.9113, -0.127637, -0.173094, 
14.9252, -0.130029, -0.170824, 
14.9391, -0.13239, -0.168526, 
14.953, -0.13472, -0.1662, 
14.967, -0.137019, -0.163847, 
14.9809, -0.139287, -0.161467, 
14.9948, -0.141522, -0.159062, 
15.0088, -0.143725, -0.156631, 
15.0228, -0.145895, -0.154175, 
15.0367, -0.148031, -0.151695, 
15.0507, -0.150134, -0.149191, 
15.0647, -0.152202, -0.146663, 
15.0787, -0.154236, -0.144114, 
15.0927, -0.156234, -0.141542, 
15.1067, -0.158198, -0.138948, 
15.1207, -0.160125, -0.136334, 
15.1347, -0.162016, -0.133699, 
15.1487, -0.163871, -0.131045, 
15.1627, -0.165689, -0.128372, 
15.1767, -0.16747, -0.12568, 
15.1907, -0.169214, -0.12297, 
15.2048, -0.17092, -0.120243, 
15.2188, -0.172587, -0.1175, 
15.2328, -0.174217, -0.11474, 
15.2469, -0.175808, -0.111966, 
15.2609, -0.17736, -0.109176, 
15.275, -0.178874, -0.106372, 
15.289, -0.180348, -0.103555, 
15.303, -0.181782, -0.100725, 
15.3171, -0.183177, -0.0978829, 
15.3311, -0.184532, -0.0950289, 
15.3452, -0.185847, -0.092164, 
15.3592, -0.187122, -0.0892887, 
15.3733, -0.188356, -0.0864037, 
15.3873, -0.18955, -0.0835095, 
15.4014, -0.190704, -0.0806068, 
15.4154, -0.191816, -0.0776962, 
15.4295, -0.192887, -0.0747784, 
15.4436, -0.193918, -0.0718539, 
15.4576, -0.194907, -0.0689234, 
15.4717, -0.195855, -0.0659875, 
15.4857, -0.196762, -0.0630468, 
15.4998, -0.197628, -0.0601019, 
15.5138, -0.198452, -0.0571533, 
15.5279, -0.199234, -0.0542018, 
15.5419, -0.199975, -0.0512479, 
15.556, -0.200675, -0.0482923, 
15.5701, -0.201333, -0.0453354, 
15.5841, -0.201949, -0.0423779, 
15.5982, -0.202524, -0.0394204, 
15.6122, -0.203057, -0.0364634, 
15.6263, -0.203549, -0.0335076, 
15.6403, -0.203999, -0.0305535, 
15.6544, -0.204408, -0.0276017, 
15.6684, -0.204775, -0.0246528, 
15.6825, -0.205101, -0.0217073, 
15.6965, -0.205385, -0.0187657, 
15.7106, -0.205628, -0.0158288, 
15.7247, -0.20583, -0.0128969, 
15.7387, -0.205991, -0.00997062, 
15.7528, -0.20611, -0.00705055, 
15.7668, -0.206189, -0.00413722, 
15.7809, -0.206227, -0.00123114, 
15.7949, -0.206224, 0.00166713, 
15.809, -0.20618, 0.00455709, 
15.823, -0.206096, 0.0074382, 
15.8371, -0.205971, 0.01031, 
15.8512, -0.205806, 0.0131718, 
15.8652, -0.2056, 0.0160233, 
15.8793, -0.205355, 0.0188639, 
15.8934, -0.20507, 0.0216931, 
15.9074, -0.204745, 0.0245104, 
15.9215, -0.20438, 0.0273153, 
15.9356, -0.203976, 0.0301073, 
15.9496, -0.203533, 0.032886, 
15.9637, -0.203051, 0.0356508, 
15.9778, -0.202529, 0.0384013, 
15.9919, -0.201969, 0.041137, 
16.0059, -0.201371, 0.0438574, 
16.02, -0.200734, 0.0465621, 
16.0341, -0.200059, 0.0492507, 
16.0482, -0.199346, 0.0519225, 
16.0623, -0.198595, 0.0545773, 
16.0764, -0.197807, 0.0572146, 
16.0905, -0.196982, 0.0598338, 
16.1046, -0.196119, 0.0624346, 
16.1187, -0.195219, 0.0650165, 
16.1328, -0.194283, 0.0675792, 
16.147, -0.193311, 0.070122, 
16.1611, -0.192302, 0.0726448, 
16.1752, -0.191257, 0.0751469, 
16.1894, -0.190177, 0.077628, 
16.2035, -0.189061, 0.0800877, 
16.2177, -0.18791, 0.0825256, 
16.2318, -0.186724, 0.0849413, 
16.246, -0.185504, 0.0873342, 
16.2602, -0.184249, 0.0897042, 
16.2744, -0.18296, 0.0920506, 
16.2886, -0.181637, 0.0943733, 
16.3028, -0.180281, 0.0966717, 
16.317, -0.178891, 0.0989454, 
16.3312, -0.177468, 0.101194, 
16.3454, -0.176012, 0.103418, 
16.3597, -0.174524, 0.105615, 
16.3739, -0.173004, 0.107787, 
16.3882, -0.171452, 0.109931, 
16.4024, -0.169869, 0.112049, 
16.4167, -0.168254, 0.11414, 
16.431, -0.166609, 0.116203, 
16.4453, -0.164933, 0.118239, 
16.4596, -0.163226, 0.120245, 
16.4739, -0.16149, 0.122223, 
16.4882, -0.159724, 0.124172, 
16.5026, -0.157928, 0.126092, 
16.517, -0.156104, 0.127982, 
16.5313, -0.154251, 0.129842, 
16.5457, -0.15237, 0.131671, 
16.5601, -0.150461, 0.13347, 
16.5745, -0.148524, 0.135237, 
16.589, -0.14656, 0.136973, 
16.6034, -0.144569, 0.138678, 
16.6179, -0.142552, 0.14035, 
16.6323, -0.140509, 0.14199, 
16.6468, -0.13844, 0.143597, 
16.6613, -0.136345, 0.145171, 
16.6758, -0.134226, 0.146712, 
16.6904, -0.132082, 0.148219, 
16.7049, -0.129914, 0.149692, 
16.7195, -0.127722, 0.151131, 
16.7341, -0.125506, 0.152535, 
16.7487, -0.123268, 0.153905, 
16.7633, -0.121007, 0.155239, 
16.778, -0.118724, 0.156538, 
16.7926, -0.116419, 0.157801, 
16.8073, -0.114093, 0.159028, 
16.822, -0.111746, 0.160219, 
16.8368, -0.109378, 0.161374, 
16.8515, -0.106991, 0.162491, 
16.8663, -0.104584, 0.163571, 
16.881, -0.102158, 0.164615, 
16.8958, -0.0997129, 0.16562, 
16.9107, -0.09725, 0.166588, 
16.9255, -0.0947695, 0.167517, 
16.9404, -0.0922717, 0.168408, 
16.9553, -0.0897572, 0.169261, 
16.9702, -0.0872266, 0.170075, 
16.9851, -0.0846801, 0.170849, 
17.0001, -0.0821185, 0.171585, 
17.0151, -0.0795421, 0.172281, 
17.0301, -0.0769516, 0.172937, 
17.0451, -0.0743474, 0.173553, 
17.0602, -0.07173, 0.174129, 
17.0753, -0.0691, 0.174665, 
17.0904, -0.0664579, 0.17516, 
17.1055, -0.0638043, 0.175615, 
17.1206, -0.0611398, 0.176029, 
17.1358, -0.0584648, 0.176402, 
17.151, -0.0557801, 0.176733, 
17.1663, -0.053086, 0.177024, 
17.1815, -0.0503833, 0.177272, 
17.1968, -0.0476725, 0.177479, 
17.2121, -0.0449542, 0.177645, 
17.2274, -0.042229, 0.177768, 
17.2428, -0.0394975, 0.177849, 
17.2582, -0.0367604, 0.177889, 
17.2736, -0.0340183, 0.177886, 
17.289, -0.0312717, 0.177841, 
17.3045, -0.0285214, 0.177753, 
17.32, -0.0257679, 0.177623, 
17.3355, -0.023012, 0.17745, 
17.3511, -0.0202543, 0.177235, 
17.3666, -0.0174954, 0.176977, 
17.3823, -0.014736, 0.176677, 
17.3979, -0.0119769, 0.176334, 
17.4135, -0.0092186, 0.175948, 
17.4292, -0.00646189, 0.17552, 
17.4449, -0.00370745, 0.175049, 
17.4607, -0.000955973, 0.174535, 
17.4765, 0.00179183, 0.173979, 
17.4922, 0.00453525, 0.17338, 
17.5081, 0.00727357, 0.172739, 
17.5239, 0.0100061, 0.172056, 
17.5398, 0.012732, 0.17133, 
17.5557, 0.0154507, 0.170562, 
17.5716, 0.0181613, 0.169752, 
17.5876, 0.0208632, 0.1689, 
17.6036, 0.0235556, 0.168007, 
17.6196, 0.0262378, 0.167072, 
17.6356, 0.028909, 0.166095, 
17.6517, 0.0315684, 0.165078, 
17.6678, 0.0342153, 0.164019, 
17.6839, 0.0368491, 0.16292, 
17.7, 0.0394688, 0.16178, 
17.7162, 0.0420737, 0.1606, 
17.7323, 0.0446632, 0.159381, 
17.7485, 0.0472363, 0.158121, 
17.7648, 0.0497925, 0.156822, 
17.781, 0.0523309, 0.155485, 
17.7973, 0.0548508, 0.154108, 
17.8136, 0.0573514, 0.152693, 
17.8299, 0.059832, 0.151241, 
17.8463, 0.0622918, 0.149751, 
17.8626, 0.0647301, 0.148224, 
17.879, 0.0671462, 0.14666, 
17.8954, 0.0695394, 0.14506, 
17.9119, 0.0719088, 0.143424, 
17.9283, 0.0742539, 0.141753, 
17.9448, 0.0765738, 0.140048, 
17.9613, 0.078868, 0.138308, 
17.9778, 0.0811356, 0.136534, 
17.9943, 0.083376, 0.134727, 
18.0108, 0.0855886, 0.132887, 
18.0274, 0.0877727, 0.131016, 
18.0439, 0.0899275, 0.129113, 
18.0605, 0.0920525, 0.127179, 
18.0771, 0.0941471, 0.125215, 
18.0937, 0.0962105, 0.123221, 
18.1103, 0.0982422, 0.121198, 
18.127, 0.100242, 0.119147, 
18.1436, 0.102208, 0.117068, 
18.1603, 0.104141, 0.114962, 
18.177, 0.10604, 0.11283, 
18.1936, 0.107905, 0.110673, 
18.2103, 0.109734, 0.10849, 
18.227, 0.111528, 0.106283, 
18.2438, 0.113286, 0.104053, 
18.2605, 0.115007, 0.101799, 
18.2772, 0.116691, 0.0995243, 
18.2939, 0.118338, 0.0972278, 
18.3107, 0.119947, 0.0949109, 
18.3274, 0.121517, 0.0925742, 
18.3442, 0.123049, 0.0902185, 
18.361, 0.124542, 0.0878445, 
18.3777, 0.125995, 0.0854531, 
18.3945, 0.127408, 0.083045, 
18.4113, 0.128781, 0.080621, 
18.4281, 0.130114, 0.0781818, 
18.4449, 0.131405, 0.0757283, 
18.4616, 0.132656, 0.0732612, 
18.4784, 0.133866, 0.0707813, 
18.4952, 0.135034, 0.0682893, 
18.512, 0.13616, 0.0657862, 
18.5288, 0.137244, 0.0632726, 
18.5456, 0.138286, 0.0607494, 
18.5624, 0.139285, 0.0582172, 
18.5792, 0.140242, 0.055677, 
18.596, 0.141157, 0.0531294, 
18.6128, 0.142028, 0.0505753, 
18.6297, 0.142857, 0.0480154, 
18.6465, 0.143642, 0.0454504, 
18.6633, 0.144385, 0.0428812, 
18.6801, 0.145084, 0.0403085, 
18.6969, 0.14574, 0.037733, 
18.7137, 0.146352, 0.0351555, 
18.7305, 0.146921, 0.0325768, 
18.7473, 0.147447, 0.0299976, 
18.7641, 0.14793, 0.0274185, 
18.7809, 0.148369, 0.0248405, 
18.7977, 0.148765, 0.0222641, 
18.8145, 0.149117, 0.01969, 
18.8313, 0.149427, 0.0171191, 
18.8482, 0.149693, 0.014552, 
18.865, 0.149916, 0.0119894, 
18.8818, 0.150096, 0.00943197, 
18.8986, 0.150233, 0.00688043, 
18.9154, 0.150327, 0.00433546, 
18.9322, 0.150379, 0.00179773, 
18.949, 0.150388, -0.000732099, 
18.9658, 0.150354, -0.00325336, 
18.9826, 0.150278, -0.0057654, 
18.9994, 0.15016, -0.00826757, 
19.0163, 0.15, -0.0107592, 
19.0331, 0.149798, -0.0132398, 
19.0499, 0.149555, -0.0157085, 
19.0667, 0.14927, -0.0181648, 
19.0835, 0.148944, -0.0206082, 
19.1004, 0.148577, -0.0230379, 
19.1172, 0.148168, -0.0254534, 
19.134, 0.14772, -0.0278541, 
19.1509, 0.147231, -0.0302393, 
19.1677, 0.146701, -0.0326086, 
19.1845, 0.146132, -0.0349613, 
19.2014, 0.145523, -0.0372969, 
19.2182, 0.144875, -0.0396147, 
19.2351, 0.144188, -0.0419143, 
19.252, 0.143461, -0.044195, 
19.2688, 0.142697, -0.0464564, 
19.2857, 0.141893, -0.0486979, 
19.3026, 0.141052, -0.0509189, 
19.3195, 0.140173, -0.053119, 
19.3364, 0.139257, -0.0552975, 
19.3533, 0.138303, -0.057454, 
19.3702, 0.137313, -0.059588, 
19.3872, 0.136286, -0.0616989, 
19.4041, 0.135223, -0.0637862, 
19.4211, 0.134124, -0.0658495, 
19.438, 0.13299, -0.0678882, 
19.455, 0.13182, -0.0699019, 
19.472, 0.130616, -0.0718901, 
19.489, 0.129377, -0.0738523, 
19.506, 0.128104, -0.0757879, 
19.523, 0.126797, -0.0776966, 
19.5401, 0.125457, -0.0795779, 
19.5571, 0.124084, -0.0814314, 
19.5742, 0.122679, -0.0832564, 
19.5913, 0.121241, -0.0850527, 
19.6084, 0.119771, -0.0868197, 
19.6255, 0.11827, -0.0885571, 
19.6426, 0.116737, -0.0902643, 
19.6598, 0.115174, -0.091941, 
19.677, 0.113581, -0.0935867, 
19.6942, 0.111958, -0.0952009, 
19.7114, 0.110306, -0.0967834, 
19.7286, 0.108625, -0.0983335, 
19.7458, 0.106915, -0.099851, 
19.7631, 0.105177, -0.101335, 
19.7804, 0.103412, -0.102786, 
19.7977, 0.101619, -0.104203, 
19.8151, 0.0997997, -0.105586, 
19.8324, 0.0979542, -0.106934, 
19.8498, 0.096083, -0.108247, 
19.8673, 0.0941866, -0.109525, 
19.8847, 0.0922654, -0.110767, 
19.9022, 0.09032, -0.111972, 
19.9197, 0.0883508, -0.113141, 
19.9372, 0.0863584, -0.114274, 
19.9547, 0.0843432, -0.115368, 
19.9723, 0.082306, -0.116426, 
19.9899, 0.080247, -0.117445, 
20.0075, 0.078167, -0.118426, 
20.0252, 0.0760665, -0.119368, 
20.0429, 0.073946, -0.120271, 
20.0606, 0.0718061, -0.121135, 
20.0784, 0.0696473, -0.12196, 
20.0962, 0.0674704, -0.122744, 
20.114, 0.0652758, -0.123488, 
20.1319, 0.0630642, -0.124192, 
20.1498, 0.0608362, -0.124855, 
20.1677, 0.0585924, -0.125476, 
20.1856, 0.0563335, -0.126057, 
20.2036, 0.0540601, -0.126595, 
20.2217, 0.0517728, -0.127092, 
20.2397, 0.0494724, -0.127546, 
20.2578, 0.0471595, -0.127959, 
20.276, 0.0448347, -0.128328, 
20.2941, 0.0424989, -0.128655, 
20.3124, 0.0401526, -0.128938, 
20.3306, 0.0377967, -0.129178, 
20.3489, 0.0354317, -0.129375, 
20.3672, 0.0330586, -0.129528, 
20.3856, 0.030678, -0.129638, 
20.404, 0.0282906, -0.129703, 
20.4225, 0.0258974, -0.129724, 
20.441, 0.0234989, -0.129701, 
20.4595, 0.0210961, -0.129634, 
20.4781, 0.0186897, -0.129522, 
20.4967, 0.0162806, -0.129365, 
20.5153, 0.0138695, -0.129164, 
20.534, 0.0114573, -0.128919, 
20.5527, 0.00904489, -0.128628, 
20.5715, 0.00663306, -0.128293, 
20.5903, 0.00422269, -0.127913, 
20.6092, 0.00181466, -0.127488, 
20.6281, -0.000590155, -0.127019, 
20.647, -0.00299086, -0.126505, 
20.666, -0.00538656, -0.125946, 
20.685, -0.00777634, -0.125343, 
20.7041, -0.0101593, -0.124695, 
20.7232, -0.0125345, -0.124003, 
20.7423, -0.014901, -0.123267, 
20.7615, -0.0172579, -0.122488, 
20.7807, -0.0196043, -0.121664, 
20.8, -0.0219391, -0.120797, 
20.8193, -0.0242615, -0.119887, 
20.8386, -0.0265705, -0.118933, 
20.858, -0.0288651, -0.117937, 
20.8774, -0.0311444, -0.116899, 
20.8968, -0.0334074, -0.115819, 
20.9163, -0.0356532, -0.114697, 
20.9358, -0.0378808, -0.113533, 
20.9554, -0.0400892, -0.112329, 
20.975, -0.0422776, -0.111085, 
20.9946, -0.0444449, -0.1098, 
21.0142, -0.0465902, -0.108476, 
21.0339, -0.0487125, -0.107114, 
21.0537, -0.050811, -0.105713, 
21.0734, -0.0528847, -0.104274, 
21.0932, -0.0549327, -0.102798, 
21.113, -0.056954, -0.101285, 
21.1328, -0.0589479, -0.0997369, 
21.1527, -0.0609134, -0.0981533, 
21.1726, -0.0628496, -0.0965352, 
21.1925, -0.0647557, -0.0948832, 
21.2124, -0.0666308, -0.0931982, 
21.2324, -0.0684742, -0.091481, 
21.2524, -0.070285, -0.0897322, 
21.2724, -0.0720624, -0.0879527, 
21.2924, -0.0738057, -0.0861434, 
21.3124, -0.0755141, -0.084305, 
21.3325, -0.0771869, -0.0824384, 
21.3526, -0.0788234, -0.0805446, 
21.3727, -0.0804229, -0.0786244, 
21.3928, -0.0819847, -0.0766787, 
21.4129, -0.0835082, -0.0747084, 
21.4331, -0.0849929, -0.0727145, 
21.4532, -0.086438, -0.0706979, 
21.4734, -0.0878431, -0.0686596, 
21.4936, -0.0892077, -0.0666005, 
21.5137, -0.0905311, -0.0645216, 
21.5339, -0.0918129, -0.0624239, 
21.5541, -0.0930527, -0.0603084, 
21.5743, -0.0942501, -0.0581761, 
21.5946, -0.0954045, -0.0560279, 
21.6148, -0.0965157, -0.0538649, 
21.635, -0.0975834, -0.0516881, 
21.6552, -0.098607, -0.0494984, 
21.6755, -0.0995865, -0.0472969, 
21.6957, -0.100521, -0.0450846, 
21.716, -0.101412, -0.0428624, 
21.7362, -0.102257, -0.0406314, 
21.7565, -0.103057, -0.0383926, 
21.7767, -0.103812, -0.036147, 
21.797, -0.104521, -0.0338954, 
21.8172, -0.105185, -0.031639, 
21.8375, -0.105802, -0.0293787, 
21.8577, -0.106375, -0.0271155, 
21.878, -0.106901, -0.0248502, 
21.8982, -0.107381, -0.022584, 
21.9185, -0.107816, -0.0203176, 
21.9387, -0.108204, -0.0180521, 
21.959, -0.108547, -0.0157884, 
21.9792, -0.108844, -0.0135274, 
21.9995, -0.109095, -0.01127, 
22.0197, -0.1093, -0.00901711, 
22.04, -0.10946, -0.00676962, 
22.0602, -0.109574, -0.0045284, 
22.0805, -0.109643, -0.00229433, 
22.1008, -0.109667, -6.82662e-05, 
22.121, -0.109646, 0.00214894, 
22.1413, -0.10958, 0.00435645, 
22.1615, -0.10947, 0.00655343, 
22.1818, -0.109315, 0.00873907, 
22.2021, -0.109116, 0.0109126, 
22.2223, -0.108872, 0.0130731, 
22.2426, -0.108586, 0.0152199, 
22.2629, -0.108255, 0.0173522, 
22.2831, -0.107882, 0.0194692, 
22.3034, -0.107466, 0.0215701, 
22.3237, -0.107007, 0.0236543, 
22.344, -0.106506, 0.025721, 
22.3643, -0.105963, 0.0277694, 
22.3846, -0.105378, 0.0297988, 
22.4049, -0.104752, 0.0318085, 
22.4253, -0.104085, 0.0337979, 
22.4456, -0.103378, 0.0357661, 
22.466, -0.10263, 0.0377127, 
22.4863, -0.101842, 0.0396367, 
22.5067, -0.101015, 0.0415377, 
22.5271, -0.10015, 0.043415, 
22.5475, -0.099245, 0.0452678, 
22.5679, -0.0983022, 0.0470956, 
22.5883, -0.0973216, 0.0488977, 
22.6087, -0.0963037, 0.0506734, 
22.6292, -0.0952488, 0.0524223, 
22.6497, -0.0941575, 0.0541436, 
22.6702, -0.0930301, 0.0558368, 
22.6907, -0.0918673, 0.0575013, 
22.7112, -0.0906693, 0.0591364, 
22.7318, -0.0894367, 0.0607417, 
22.7524, -0.08817, 0.0623164, 
22.773, -0.0868698, 0.0638601, 
22.7936, -0.0855364, 0.0653722, 
22.8143, -0.0841704, 0.0668521, 
22.835, -0.0827724, 0.0682993, 
22.8557, -0.0813429, 0.0697133, 
22.8764, -0.0798823, 0.0710934, 
22.8972, -0.0783914, 0.0724393, 
22.918, -0.0768705, 0.0737503, 
22.9388, -0.0753204, 0.0750259, 
22.9597, -0.0737416, 0.0762656, 
22.9806, -0.0721346, 0.077469, 
23.0015, -0.0705001, 0.0786355, 
23.0225, -0.0688387, 0.0797646, 
23.0435, -0.067151, 0.0808559, 
23.0646, -0.0654377, 0.0819089, 
23.0857, -0.0636993, 0.0829231, 
23.1068, -0.0619366, 0.083898, 
23.128, -0.0601502, 0.0848333, 
23.1492, -0.0583407, 0.0857284, 
23.1704, -0.056509, 0.0865829, 
23.1918, -0.0546557, 0.0873963, 
23.2131, -0.0527814, 0.0881684, 
23.2345, -0.050887, 0.0888986, 
23.2559, -0.0489732, 0.0895865, 
23.2774, -0.0470407, 0.0902318, 
23.299, -0.0450904, 0.0908341, 
23.3206, -0.0431229, 0.091393, 
23.3422, -0.0411391, 0.0919081, 
23.3639, -0.0391399, 0.0923791, 
23.3856, -0.037126, 0.0928057, 
23.4074, -0.0350983, 0.0931875, 
23.4293, -0.0330576, 0.0935242, 
23.4512, -0.0310049, 0.0938156, 
23.4732, -0.0289411, 0.0940613, 
23.4952, -0.026867, 0.094261, 
23.5173, -0.0247835, 0.0944146, 
23.5394, -0.0226917, 0.0945219, 
23.5616, -0.0205925, 0.0945825, 
23.5839, -0.0184868, 0.0945962, 
23.6062, -0.0163757, 0.0945631, 
23.6286, -0.0142602, 0.0944827, 
23.651, -0.0121413, 0.0943551, 
23.6735, -0.01002, 0.0941802, 
23.6961, -0.00789744, 0.0939578, 
23.7187, -0.00577467, 0.0936878, 
23.7414, -0.00365278, 0.0933703, 
23.7641, -0.00153289, 0.0930053, 
23.7869, 0.000583879, 0.0925927, 
23.8098, 0.00269639, 0.0921326, 
23.8327, 0.00480348, 0.0916252, 
23.8557, 0.00690399, 0.0910704, 
23.8788, 0.00899674, 0.0904685, 
23.9019, 0.0110805, 0.0898196, 
23.9251, 0.0131542, 0.089124, 
23.9483, 0.0152165, 0.0883819, 
23.9716, 0.0172662, 0.0875935, 
23.9949, 0.0193021, 0.0867593, 
24.0184, 0.0213229, 0.0858795, 
24.0418, 0.0233275, 0.0849546, 
24.0653, 0.0253146, 0.083985, 
24.0889, 0.027283, 0.0829712, 
24.1125, 0.0292313, 0.0819136, 
24.1362, 0.0311585, 0.080813, 
24.16, 0.0330632, 0.0796697, 
24.1838, 0.0349442, 0.0784846, 
24.2076, 0.0368004, 0.0772582, 
24.2315, 0.0386305, 0.0759914, 
24.2554, 0.0404333, 0.0746848, 
24.2794, 0.0422076, 0.0733392, 
24.3034, 0.0439524, 0.0719556, 
24.3274, 0.0456664, 0.0705347, 
24.3515, 0.0473485, 0.0690775, 
24.3757, 0.0489977, 0.0675849, 
24.3998, 0.0506128, 0.066058, 
24.424, 0.0521929, 0.0644977, 
24.4483, 0.0537368, 0.062905, 
24.4725, 0.0552437, 0.0612812, 
24.4968, 0.0567126, 0.0596273, 
24.5211, 0.0581425, 0.0579443, 
24.5455, 0.0595326, 0.0562336, 
24.5699, 0.060882, 0.0544962, 
24.5943, 0.0621899, 0.0527333, 
24.6187, 0.0634555, 0.0509463, 
24.6431, 0.0646782, 0.0491363, 
24.6675, 0.0658572, 0.0473047, 
24.692, 0.0669918, 0.0454526, 
24.7165, 0.0680815, 0.0435813, 
24.741, 0.0691257, 0.0416922, 
24.7655, 0.0701239, 0.0397865, 
24.79, 0.0710756, 0.0378656, 
24.8145, 0.0719803, 0.0359307, 
24.839, 0.0728377, 0.0339832, 
24.8635, 0.0736473, 0.0320243, 
24.8881, 0.074409, 0.0300553, 
24.9126, 0.0751223, 0.0280777, 
24.9372, 0.0757871, 0.0260926, 
24.9617, 0.0764031, 0.0241013, 
24.9863, 0.0769703, 0.0221051, 
25.0108, 0.0774884, 0.0201053, 
25.0354, 0.0779574, 0.0181031, 
25.0599, 0.0783773, 0.0160998, 
25.0845, 0.0787479, 0.0140966, 
25.109, 0.0790694, 0.0120948, 
25.1336, 0.0793418, 0.0100955, 
25.1581, 0.0795651, 0.00809987, 
25.1827, 0.0797395, 0.00610917, 
25.2072, 0.0798651, 0.00412453, 
25.2318, 0.0799421, 0.00214709, 
25.2563, 0.0799705, 0.000177972, 
25.2809, 0.0799508, -0.00178171, 
25.3054, 0.0798831, -0.00373086, 
25.33, 0.0797676, -0.00566841, 
25.3545, 0.0796046, -0.00759329, 
25.3791, 0.0793945, -0.00950446, 
25.4037, 0.0791376, -0.0114009, 
25.4283, 0.0788342, -0.0132816, 
25.4528, 0.0784847, -0.0151455, 
25.4774, 0.0780895, -0.0169918, 
25.502, 0.077649, -0.0188193, 
25.5266, 0.0771635, -0.0206272, 
25.5512, 0.0766336, -0.0224146, 
25.5759, 0.0760596, -0.0241805, 
25.6005, 0.0754421, -0.025924, 
25.6252, 0.0747815, -0.0276443, 
25.6499, 0.0740783, -0.0293404, 
25.6745, 0.0733331, -0.0310115, 
25.6993, 0.0725463, -0.0326568, 
25.724, 0.0717184, -0.0342754, 
25.7487, 0.0708502, -0.0358665, 
25.7735, 0.0699419, -0.0374293, 
25.7983, 0.0689944, -0.038963, 
25.8231, 0.0680081, -0.0404668, 
25.848, 0.0669837, -0.0419399, 
25.8729, 0.0659218, -0.0433816, 
25.8978, 0.0648229, -0.0447912, 
25.9228, 0.0636878, -0.0461678, 
25.9478, 0.0625171, -0.0475108, 
25.9728, 0.0613114, -0.0488194, 
25.9978, 0.0600715, -0.050093, 
26.023, 0.058798, -0.0513307, 
26.0481, 0.0574916, -0.052532, 
26.0733, 0.0561531, -0.0536962, 
26.0985, 0.0547832, -0.0548226, 
26.1238, 0.0533826, -0.0559105, 
26.1492, 0.0519521, -0.0569593, 
26.1746, 0.0504926, -0.0579683, 
26.2, 0.0490047, -0.058937, 
26.2255, 0.0474894, -0.0598647, 
26.2511, 0.0459474, -0.0607508, 
26.2767, 0.0443796, -0.0615946, 
26.3024, 0.0427868, -0.0623957, 
26.3282, 0.04117, -0.0631535, 
26.354, 0.0395301, -0.0638673, 
26.3799, 0.0378679, -0.0645367, 
26.4058, 0.0361845, -0.0651611, 
26.4318, 0.0344809, -0.06574, 
26.4579, 0.0327579, -0.066273, 
26.4841, 0.0310166, -0.0667594, 
26.5104, 0.0292581, -0.0671989, 
26.5367, 0.0274833, -0.067591, 
26.5631, 0.0256935, -0.0679352, 
26.5896, 0.0238897, -0.0682312, 
26.6162, 0.0220731, -0.0684786, 
26.6428, 0.0202447, -0.068677, 
26.6696, 0.0184059, -0.068826, 
26.6964, 0.0165577, -0.0689254, 
26.7233, 0.0147015, -0.0689749, 
26.7503, 0.0128385, -0.0689741, 
26.7774, 0.01097, -0.068923, 
26.8046, 0.00909739, -0.0688212, 
26.8319, 0.00722192, -0.0686687, 
26.8592, 0.005345, -0.0684652, 
26.8867, 0.00346803, -0.0682108, 
26.9142, 0.00159243, -0.0679053, 
26.9419, -0.000280338, -0.0675489, 
26.9696, -0.0021488, -0.0671414, 
26.9975, -0.00401147, -0.066683, 
27.0254, -0.00586682, -0.066174, 
27.0534, -0.00771332, -0.0656143, 
27.0815, -0.00954941, -0.0650044, 
27.1097, -0.0113735, -0.0643444, 
27.138, -0.013184, -0.0636348, 
27.1664, -0.0149794, -0.062876, 
27.1948, -0.016758, -0.0620684, 
27.2234, -0.0185182, -0.0612127, 
27.252, -0.0202583, -0.0603093, 
27.2807, -0.0219769, -0.0593589, 
27.3095, -0.0236722, -0.0583624, 
27.3384, -0.0253426, -0.0573205, 
27.3674, -0.0269867, -0.056234, 
27.3964, -0.0286027, -0.0551038, 
27.4255, -0.0301891, -0.0539311, 
27.4546, -0.0317444, -0.0527167, 
27.4839, -0.033267, -0.0514619, 
27.5132, -0.0347556, -0.0501678, 
27.5425, -0.0362085, -0.0488356, 
27.5719, -0.0376245, -0.0474667, 
27.6014, -0.0390022, -0.0460624, 
27.6309, -0.0403403, -0.044624, 
27.6604, -0.0416374, -0.043153, 
27.69, -0.0428923, -0.041651, 
27.7196, -0.044104, -0.0401194, 
27.7493, -0.0452713, -0.0385599, 
27.779, -0.0463932, -0.0369739, 
27.8087, -0.0474687, -0.0353632, 
27.8385, -0.0484968, -0.0337294, 
27.8683, -0.0494768, -0.0320742, 
27.8981, -0.0504079, -0.0303992, 
27.9279, -0.0512892, -0.0287063, 
27.9577, -0.0521203, -0.026997, 
27.9876, -0.0529006, -0.0252732, 
28.0174, -0.0536294, -0.0235365, 
28.0473, -0.0543064, -0.0217886, 
28.0772, -0.0549312, -0.0200314, 
28.1071, -0.0555035, -0.0182665, 
28.137, -0.0560231, -0.0164955, 
28.1669, -0.0564896, -0.0147202, 
28.1967, -0.0569031, -0.0129422, 
28.2266, -0.0572634, -0.0111632, 
28.2565, -0.0575706, -0.00938488, 
28.2864, -0.0578246, -0.00760872, 
28.3163, -0.0580256, -0.00583635, 
28.3462, -0.0581736, -0.00406934, 
28.3761, -0.0582689, -0.0023092, 
28.406, -0.0583117, -0.000557455, 
28.4359, -0.0583022, 0.00118443, 
28.4658, -0.0582409, 0.002915, 
28.4957, -0.0581279, 0.00463283, 
28.5256, -0.0579637, 0.00633654, 
28.5556, -0.0577488, 0.00802474, 
28.5855, -0.0574836, 0.0096961, 
28.6154, -0.0571685, 0.0113493, 
28.6454, -0.056804, 0.0129831, 
28.6753, -0.0563908, 0.0145961, 
28.7053, -0.0559294, 0.0161873, 
28.7353, -0.0554203, 0.0177552, 
28.7653, -0.0548642, 0.0192989, 
28.7953, -0.0542618, 0.020817, 
28.8253, -0.0536136, 0.0223085, 
28.8554, -0.0529204, 0.0237723, 
28.8855, -0.0521829, 0.0252072, 
28.9157, -0.0514019, 0.0266121, 
28.9458, -0.050578, 0.0279861, 
28.976, -0.049712, 0.0293281, 
29.0063, -0.0488047, 0.030637, 
29.0366, -0.047857, 0.0319119, 
29.0669, -0.0468697, 0.0331518, 
29.0973, -0.0458436, 0.0343557, 
29.1278, -0.0447796, 0.0355227, 
29.1583, -0.0436785, 0.0366518, 
29.1888, -0.0425413, 0.0377422, 
29.2195, -0.041369, 0.038793, 
29.2502, -0.0401625, 0.0398032, 
29.2809, -0.0389227, 0.0407719, 
29.3118, -0.0376507, 0.0416985, 
29.3427, -0.0363476, 0.042582, 
29.3737, -0.0350142, 0.0434215, 
29.4048, -0.0336519, 0.0442164, 
29.4359, -0.0322615, 0.0449658, 
29.4672, -0.0308444, 0.045669, 
29.4985, -0.0294016, 0.0463252, 
29.53, -0.0279344, 0.0469338, 
29.5616, -0.026444, 0.0474939, 
29.5932, -0.0249316, 0.0480049, 
29.625, -0.0233986, 0.0484663, 
29.6569, -0.0218463, 0.0488772, 
29.6889, -0.020276, 0.0492372, 
29.721, -0.0186892, 0.0495457, 
29.7532, -0.0170873, 0.0498021, 
29.7856, -0.0154718, 0.0500059, 
29.8181, -0.0138443, 0.0501567, 
29.8507, -0.0122062, 0.050254, 
29.8835, -0.0105593, 0.0502974, 
29.9163, -0.00890512, 0.0502866, 
29.9494, -0.00724544, 0.0502213, 
29.9825, -0.00558196, 0.0501012, 
30.0158, -0.00391649, 0.0499262, 
30.0492, -0.00225084, 0.0496961, 
30.0828, -0.000586878, 0.0494108, 
30.1165, 0.00107348, 0.0490705, 
30.1504, 0.00272829, 0.048675, 
30.1844, 0.00437556, 0.0482247, 
30.2185, 0.00601329, 0.0477198, 
30.2528, 0.00763943, 0.0471605, 
30.2872, 0.0092519, 0.0465472, 
30.3217, 0.0108486, 0.0458805, 
30.3564, 0.0124274, 0.045161, 
30.3912, 0.0139863, 0.0443894, 
30.4261, 0.015523, 0.0435664, 
30.4612, 0.0170354, 0.0426929, 
30.4963, 0.0185214, 0.04177, 
30.5316, 0.019979, 0.0407988, 
30.5671, 0.0214059, 0.0397804, 
30.6026, 0.0228002, 0.0387162, 
30.6382, 0.0241598, 0.0376076, 
30.6739, 0.0254828, 0.0364562, 
30.7097, 0.0267672, 0.0352635, 
30.7456, 0.0280111, 0.0340312, 
30.7816, 0.0292128, 0.0327612, 
30.8176, 0.0303705, 0.0314553, 
30.8537, 0.0314827, 0.0301155, 
30.8899, 0.0325476, 0.0287438, 
30.9261, 0.033564, 0.0273423, 
30.9624, 0.0345305, 0.0259131, 
30.9988, 0.0354457, 0.0244585, 
31.0351, 0.0363085, 0.0229806, 
31.0715, 0.037118, 0.0214818, 
31.108, 0.0378731, 0.0199642, 
31.1444, 0.0385732, 0.0184302, 
31.1809, 0.0392173, 0.016882, 
31.2174, 0.039805, 0.0153221, 
31.2539, 0.0403358, 0.0137526, 
31.2904, 0.0408093, 0.0121758, 
31.3269, 0.0412251, 0.0105941, 
31.3635, 0.0415832, 0.00900951, 
31.4, 0.0418834, 0.00742438, 
31.4159, 0.0419959, 0.00673505, 
