0, 1
0.1, 1.06422
0.2, 1.12845
0.3, 1.19267
0.4, 1.2569
0.5, 1.32112
0.6, 1.38534
0.7, 1.44957
0.8, 1.41977
0.9, 1.3727
1, 1.32564
1.1, 1.27857
1.2, 1.2315
1.3, 1.18443
1.4, 1.13696
1.5, 1.00163
1.6, 0.866299
1.7, 0.730968
1.8, 0.595637
1.9, 0.460306
2, 0.324975
2.1, 0.180496
2.2, 0.0211093
2.3, -0.138277
2.4, -0.297663
2.5, -0.45705
2.6, -0.616436
2.7, -0.775822
2.8, -0.890636
2.9, -1.00093
3, -1.11121
3.1, -1.2215
3.2, -1.33179
3.3, -1.44208
3.4, -1.49817
3.5, -1.50903
3.6, -1.5199
3.7, -1.53076
3.8, -1.54162
3.9, -1.55248
4, -1.53512
4.1, -1.43923
4.2, -1.34333
4.3, -1.24744
4.4, -1.15155
4.5, -1.05566
4.6, -0.956493
4.7, -0.791522
4.8, -0.62655
4.9, -0.461579
5, -0.296608
5.1, -0.131636
5.2, 0.0333351
5.3, 0.200424
5.4, 0.367798
5.5, 0.535171
5.6, 0.702544
5.7, 0.869918
5.8, 1.03729
5.9, 1.15452
6, 1.25581
6.1, 1.35709
6.2, 1.45838
6.3, 1.55966
6.4, 1.66095
6.5, 1.68896
6.6, 1.68135
6.7, 1.67375
6.8, 1.66614
6.9, 1.65854
7, 1.65093
7.1, 1.57579
7.2, 1.45929
7.3, 1.34279
7.4, 1.22629
7.5, 1.10979
7.6, 0.993291
7.7, 0.837429
7.8, 0.655062
7.9, 0.472695
8, 0.290328
8.1, 0.107961
8.2, -0.0744064
8.3, -0.254552
8.4, -0.433233
8.5, -0.611914
8.6, -0.790596
8.7, -0.969277
8.8, -1.14796
8.9, -1.2803
9, -1.38594
9.1, -1.49158
9.2, -1.59721
9.3, -1.70285
9.4, -1.80848
9.5, -1.83429
9.6, -1.82434
9.7, -1.8144
9.8, -1.80445
9.9, -1.79451
10, -1.78456
10.1, -1.68608
10.2, -1.56128
10.3, -1.43648
10.4, -1.31168
10.5, -1.18688
10.6, -1.06208
10.7, -0.87548
10.8, -0.679956
10.9, -0.484431
11, -0.288907
11.1, -0.0933823
11.2, 0.102142
11.3, 0.296968
11.4, 0.491793
11.5, 0.686618
11.6, 0.881443
11.7, 1.07627
11.8, 1.26048
11.9, 1.38217
12, 1.50386
12.1, 1.62555
12.2, 1.74723
12.3, 1.86892
12.4, 1.95322
12.5, 1.95503
12.6, 1.95685
12.7, 1.95866
12.8, 1.96048
12.9, 1.9623
13, 1.9025
13.1, 1.78079
13.2, 1.65908
13.3, 1.53738
13.4, 1.41567
13.5, 1.29396
13.6, 1.11422
13.7, 0.910193
13.8, 0.706171
13.9, 0.502149
14, 0.298127
14.1, 0.0941043
14.2, -0.119837
14.3, -0.334521
14.4, -0.549206
14.5, -0.763891
14.6, -0.978575
14.7, -1.18178
14.8, -1.33041
14.9, -1.47903
15, -1.62766
15.1, -1.77629
15.2, -1.92492
15.3, -2.02107
15.4, -2.04913
15.5, -2.07719
15.6, -2.10525
15.7, -2.13332
15.8, -2.16138
15.9, -2.09422
16, -1.98895
16.1, -1.88368
16.2, -1.77841
16.3, -1.67313
16.4, -1.56687
16.5, -1.36217
16.6, -1.15747
16.7, -0.952767
16.8, -0.748066
16.9, -0.543365
17, -0.328927
17.1, -0.0940268
17.2, 0.140873
17.3, 0.375774
17.4, 0.610674
17.5, 0.845574
17.6, 1.04748
17.7, 1.23169
17.8, 1.4159
17.9, 1.60012
18, 1.78433
18.1, 1.96855
18.2, 2.03787
18.3, 2.10666
18.4, 2.17544
18.5, 2.24423
18.6, 2.31302
18.7, 2.33151
18.8, 2.25868
18.9, 2.18585
19, 2.11303
19.1, 2.0402
19.2, 1.96737
19.3, 1.807
19.4, 1.61427
19.5, 1.42153
19.6, 1.2288
19.7, 1.03606
19.8, 0.836486
19.9, 0.586606
20, 0.336726
20.1, 0.0868457
20.2, -0.163035
20.3, -0.412915
20.4, -0.649215
20.5, -0.87316
20.6, -1.09711
20.7, -1.32105
20.8, -1.545
20.9, -1.76894
21, -1.89715
21.1, -2.01944
21.2, -2.14172
21.3, -2.26401
21.4, -2.38629
21.5, -2.45455
21.6, -2.43217
21.7, -2.40979
21.8, -2.38741
21.9, -2.36503
22, -2.34265
22.1, -2.20539
22.2, -2.04271
22.3, -1.88003
22.4, -1.71735
22.5, -1.55467
22.6, -1.36718
22.7, -1.115
22.8, -0.862829
22.9, -0.610656
23, -0.358483
23.1, -0.10631
23.2, 0.152184
23.3, 0.412799
23.4, 0.673415
23.5, 0.93403
23.6, 1.19465
23.7, 1.43742
23.8, 1.62137
23.9, 1.80533
24, 1.98929
24.1, 2.17325
24.2, 2.3572
24.3, 2.44043
24.4, 2.48625
24.5, 2.53207
24.6, 2.57789
24.7, 2.62371
24.8, 2.63247
24.9, 2.52249
25, 2.41251
25.1, 2.30253
25.2, 2.19255
25.3, 2.08257
25.4, 1.87894
25.5, 1.64549
25.6, 1.41204
25.7, 1.17859
25.8, 0.945132
25.9, 0.696863
26, 0.41243
26.1, 0.127997
26.2, -0.156437
26.3, -0.44087
26.4, -0.725303
26.5, -0.977251
26.6, -1.22275
26.7, -1.46824
26.8, -1.71374
26.9, -1.95923
27, -2.15886
27.1, -2.28651
27.2, -2.41416
27.3, -2.54181
27.4, -2.66946
27.5, -2.7971
27.6, -2.77133
27.7, -2.73837
27.8, -2.7054
27.9, -2.67243
28, -2.63947
28.1, -2.52492
28.2, -2.33861
28.3, -2.1523
28.4, -1.96599
28.5, -1.77968
28.6, -1.58169
28.7, -1.29762
28.8, -1.01354
28.9, -0.729468
29, -0.445393
29.1, -0.161318
29.2, 0.13046
29.3, 0.425275
29.4, 0.720089
29.5, 1.0149
29.6, 1.30972
29.7, 1.57819
29.8, 1.79206
29.9, 2.00592
30, 2.21979
30.1, 2.43366
30.2, 2.64752
30.3, 2.7209
30.4, 2.78589
30.5, 2.85087
30.6, 2.91586
30.7, 2.98085
30.8, 2.94762
30.9, 2.84082
31, 2.73402
31.1, 2.62723
31.2, 2.52043
31.3, 2.39402
31.4, 2.19365
