-9.8528, 1.49964
-9.83293, 1.49964
-9.81306, 0.353399
-9.79319, -1.11822
-9.77332, -2.11431
-9.75344, -1.90736
-9.73357, -1.70042
-9.7137, -1.49347
-9.69383, -1.28653
-9.67396, -1.07958
-9.65409, -0.872633
-9.63421, -0.665687
-9.61434, -0.458741
-9.59447, -0.251796
-9.5746, -0.0448497
-9.55473, 0.162096
-9.53486, -0.226216
-9.51498, -0.0873286
-9.49511, -0.154292
-9.47524, -0.221255
-9.45537, -0.288218
-9.4355, -0.355181
-9.41563, -0.422144
-9.39575, -0.489107
-9.37588, -0.556069
-9.35601, -0.623032
-9.33614, -0.689995
-9.31627, -0.756958
-9.2964, -0.823921
-9.27652, -0.890884
-9.25665, -0.957847
-9.23678, -1.02481
-9.21691, -1.09177
-9.19704, -1.15874
-9.17717, -1.2257
-9.15729, -1.29266
-9.13742, -1.35963
-9.11755, -1.42659
-9.09768, -1.49355
-9.07781, -1.56051
-9.05793, -1.62748
-9.03806, -1.69444
-9.01819, -1.7614
-8.99832, -1.82837
-8.97845, -1.89533
-8.95858, -1.96229
-8.9387, -2.02926
-8.91883, -2.09622
-8.89896, -2.58551
-8.87909, -3.10477
-8.85922, -3.62402
-8.83935, -4.14328
-8.81947, -4.66253
-8.7996, -5.18179
-8.77973, -5.70104
-8.75986, 4.75274
-8.73999, 2.76324
-8.72012, 0.773729
-8.70024, -1.21578
-8.68037, -3.20528
-8.6605, -5.19479
-8.64063, 8.62497
-8.62076, 15.1242
-8.60089, 21.6234
-8.58101, 28.1227
-8.56114, 34.6219
-8.54127, 41.1211
-8.5214, 47.6204
-8.50153, 54.1196
-8.48166, -53.7734
-8.46178, -23.3735
-8.44191, 7.02636
-8.42204, 37.4263
-8.40217, -50.6393
-8.3823, 22.6249
-8.36242, 41.3575
-8.34255, 19.3996
-8.32268, -2.55826
-8.30281, -24.5162
-8.28294, -46.474
-8.26307, -49.2838
-8.24319, -37.6135
-8.22332, -25.9432
-8.20345, -14.273
-8.18358, -2.60269
-8.16371, 9.06759
-8.14384, 20.7379
-8.12396, 32.4081
-8.10409, 44.0784
-8.08422, 55.7487
-8.06435, -16.804
-8.04448, -44.7452
-8.02461, -22.4222
-8.00473, -0.0991728
-7.98486, 22.2238
-7.96499, 44.5469
-7.94512, 47.9453
-7.92525, 21.7924
-7.90538, -4.36052
-7.8855, -30.5134
-7.86563, -56.6663
-7.84576, -54.5942
-7.82589, -44.3186
-7.80602, -34.0429
-7.78615, -23.7673
-7.76627, -13.4917
-7.7464, -3.21608
-7.72653, 7.05954
-7.70666, 17.3352
-7.68679, 27.6108
-7.66692, 37.8864
-7.64704, 48.162
-7.62717, -40.9149
-7.6073, 49.0648
-7.58743, 41.852
-7.56756, 34.6393
-7.54768, 27.4266
-7.52781, 20.2138
-7.50794, 13.0011
-7.48807, 5.78832
-7.4682, -1.42442
-7.44833, -8.63717
-7.42845, -15.8499
-7.40858, -23.0627
-7.38871, -30.2754
-7.36884, -37.4881
-7.34897, -44.7009
-7.3291, 42.3667
-7.30922, 36.5926
-7.28935, 30.8185
-7.26948, 25.0443
-7.24961, 19.2702
-7.22974, 13.4961
-7.20987, 7.72191
-7.18999, 1.94778
-7.17012, -3.82636
-7.15025, -9.6005
-7.13038, -15.3746
-7.11051, -21.1488
-7.09064, -26.9229
-7.07076, -32.6971
-7.05089, -38.4712
-7.03102, -36.9378
-7.01115, -31.5346
-6.99128, -26.1315
-6.97141, -20.7283
-6.95153, -15.3252
-6.93166, -9.92204
-6.91179, -4.51889
-6.89192, 0.884252
-6.87205, 6.2874
-6.85218, 11.6905
-6.8323, 17.0937
-6.81243, 22.4968
-6.79256, 27.9
-6.77269, 33.3031
-6.75282, 38.7063
-6.73294, 40.6015
-6.71307, 35.5147
-6.6932, 30.4279
-6.67333, 25.3411
-6.65346, 20.2543
-6.63359, 15.1675
-6.61371, 10.0807
-6.59384, 4.99395
-6.57397, 2.43912
-6.5541, 1.09615
-6.53423, -0.246811
-6.51436, -1.52675
-6.49448, -1.323
-6.47461, -1.11925
-6.45474, -0.915499
-6.43487, -0.71175
-6.415, -0.508
-6.39513, -0.304251
-6.37525, -0.100502
-6.35538, 0.103247
-6.33551, 0.306996
-6.31564, 0.510745
-6.29577, 0.714494
-6.2759, 0.918243
-6.25602, 1.12199
-6.23615, 1.32574
-6.21628, 1.52949
-6.19641, 1.73324
-6.17654, 1.93699
-6.15667, 2.14074
-6.13679, 2.34449
-6.11692, 2.54824
-6.09705, 2.75199
-6.07718, 2.95573
-6.05731, 3.15948
-6.03743, -1.66709
-6.01756, 2.79942
-5.99769, 1.46705
-5.97782, 0.134672
-5.95795, -0.115381
-5.93808, 0.222532
-5.9182, 0.560445
-5.89833, 0.898359
-5.87846, 1.23627
-5.85859, 1.57419
-5.83872, 1.9121
-5.81885, 2.25001
-5.79897, 2.58793
-5.7791, 2.92584
-5.75923, 3.26375
-5.73936, 3.60167
-5.71949, 3.46441
-5.69962, -2.18347
-5.67974, 2.01891
-5.65987, -1.95341
-5.64, 2.54404
-5.62013, 2.45352
-5.60026, 2.363
-5.58039, 2.27247
-5.56051, 2.18195
-5.54064, 2.09143
-5.52077, 2.00091
-5.5009, 1.91038
-5.48103, 1.81986
-5.46116, 1.72934
-5.44128, 1.63882
-5.42141, 1.54829
-5.40154, 1.45777
-5.38167, 1.36725
-5.3618, 1.27673
-5.34193, 1.1862
-5.32205, 1.09568
-5.30218, 1.00516
-5.28231, 0.914637
-5.26244, 0.824115
-5.24257, 0.733592
-5.22269, 0.64307
-5.20282, 0.552548
-5.18295, 0.462025
-5.16308, 0.371503
-5.14321, 0.28098
-5.12334, 0.190458
-5.10346, 0.0999351
-5.08359, 0.179707
-5.06372, 0.442973
-5.04385, 0.706238
-5.02398, 0.969504
-5.00411, 1.23277
-4.98423, 1.49604
-4.96436, 1.7593
-4.94449, 2.73019
-4.92462, 4.25738
-4.90475, 5.78457
-4.88488, 7.31175
-4.865, 8.83894
-4.84513, 10.3661
-4.82526, 11.8933
-4.80539, 13.4205
-4.78552, 9.62464
-4.76565, -0.00535877
-4.74577, -9.63535
-4.7259, -13.663
-4.70603, -10.4377
-4.68616, -7.21236
-4.66629, -3.98705
-4.64642, -0.761752
-4.62654, 2.46355
-4.60667, 5.68885
-4.5868, 8.91416
-4.56693, 12.1395
-4.54706, 15.3648
-4.52719, 18.5901
-4.50731, 16.9375
-4.48744, 6.64786
-4.46757, -3.64175
-4.4477, -13.9314
-4.42783, -20.7273
-4.40795, -15.1903
-4.38808, -9.65323
-4.36821, -4.11621
-4.34834, 1.42082
-4.32847, 6.95785
-4.3086, 12.4949
-4.28872, 18.0319
-4.26885, 23.5689
-4.24898, 14.7552
-4.22911, -3.93694
-4.20924, -22.6291
-4.18937, -22.7139
-4.16949, -16.916
-4.14962, -11.118
-4.12975, -5.32008
-4.10988, 0.477868
-4.09001, 6.27581
-4.07014, 12.0738
-4.05026, 17.8717
-4.03039, 22.9693
-4.01052, 18.6628
-3.99065, 14.3564
-3.97078, 10.0499
-3.95091, 5.74347
-3.93103, 1.43702
-3.91116, -2.86942
-3.89129, -7.17587
-3.87142, -11.4823
-3.85155, -15.7888
-3.83168, -20.0952
-3.8118, -24.4017
-3.79193, -23.2277
-3.77206, -19.7071
-3.75219, -16.1864
-3.73232, -12.6658
-3.71244, -9.14522
-3.69257, -5.62461
-3.6727, -2.104
-3.65283, 1.41662
-3.63296, 4.93723
-3.61309, 8.45784
-3.59321, 11.9785
-3.57334, 15.4991
-3.55347, 19.0197
-3.5336, 22.5403
-3.51373, -18.3852
-3.49386, -7.12431
-3.47398, 4.13657
-3.45411, 15.3975
-3.43424, 24.5366
-3.41437, 18.6408
-3.3945, 12.7449
-3.37463, 6.84903
-3.35475, 0.953157
-3.33488, -4.94271
-3.31501, -10.8386
-3.29514, -16.7345
-3.27527, -22.6303
-3.2554, 10.327
-3.23552, 24.4106
-3.21565, 19.6274
-3.19578, 14.8442
-3.17591, 10.061
-3.15604, 5.27786
-3.13617, 0.494679
-3.11629, -4.2885
-3.09642, -9.07168
-3.07655, -13.8549
-3.05668, -18.638
-3.03681, -23.4212
-3.01694, -28.2044
-2.99706, -11.2884
-2.97719, 20.2235
-2.95732, 17.3472
-2.93745, 0.73439
-2.91758, -15.8785
-2.8977, -4.46893
-2.87783, 22.4951
-2.85796, 14.2216
-2.83809, 5.94805
-2.81822, -2.32545
-2.79835, -10.599
-2.77847, -18.8725
-2.7586, -27.146
-2.73873, -35.4195
-2.71886, -43.693
-2.69899, 24.2662
-2.67912, 38.0892
-2.65924, 30.205
-2.63937, 22.3207
-2.6195, 14.4365
-2.59963, 6.55229
-2.57976, -1.33194
-2.55989, -9.21618
-2.54001, -17.1004
-2.52014, -24.9846
-2.50027, -32.8689
-2.4804, -40.7531
-2.46053, -46.809
-2.44066, -43.1088
-2.42078, -39.4086
-2.40091, -35.7083
-2.38104, -32.0081
-2.36117, -28.3078
-2.3413, -24.6076
-2.32143, -20.9074
-2.30155, -17.2071
-2.28168, -13.5069
-2.26181, -9.80665
-2.24194, -6.10641
-2.22207, -2.40617
-2.20219, 1.29406
-2.18232, 4.9943
-2.16245, 8.69454
-2.14258, 12.3948
-2.12271, 16.095
-2.10284, 19.7953
-2.08296, 23.4955
-2.06309, 27.1957
-2.04322, 30.896
-2.02335, 34.5962
-2.00348, 38.2964
-1.98361, 41.9967
-1.96373, 41.189
-1.94386, 28.7246
-1.92399, 16.2602
-1.90412, 3.79586
-1.88425, -8.66853
-1.86438, -21.1329
-1.8445, -33.5973
-1.82463, -46.0617
-1.80476, -49.0423
-1.78489, -38.6235
-1.76502, -28.2047
-1.74515, -17.786
-1.72527, -7.36719
-1.7054, 3.05158
-1.68553, 13.4704
-1.66566, 23.8891
-1.64579, 34.3079
-1.62592, 36.9575
-1.60604, 26.0829
-1.58617, 15.2083
-1.5663, 4.33366
-1.54643, -6.54095
-1.52656, -17.4156
-1.50669, -28.2902
-1.48681, -26.0365
-1.46694, -22.8483
-1.44707, -19.66
-1.4272, -16.4718
-1.40733, -13.2835
-1.38745, -10.0952
-1.36758, -6.90699
-1.34771, -3.71873
-1.32784, -0.530478
-1.30797, 0.396077
-1.2881, 0.375107
-1.26822, 1.18519
-1.24835, 2.11067
-1.22848, 3.03616
-1.20861, -4.03035
-1.18874, -0.759454
-1.16887, 2.51144
-1.14899, 5.78233
-1.12912, 9.05322
-1.10925, 11.2345
-1.08938, 11.8513
-1.06951, 12.4682
-1.04964, 13.085
-1.02976, 13.7018
-1.00989, 14.3187
-0.990021, 14.9355
-0.970149, 12.826
-0.950277, 8.5573
-0.930406, 4.28862
-0.910534, 0.019946
-0.890662, -4.24873
-0.87079, -8.5174
-0.850919, -12.7861
-0.831047, 11.2755
-0.811175, -7.67228
-0.791304, -11.7014
-0.771432, -10.8507
-0.75156, -10.0001
-0.731688, -9.14944
-0.711817, -8.2988
-0.691945, -7.44817
-0.672073, -6.59753
-0.652202, -5.74689
-0.63233, -4.86751
-0.612458, -3.90544
-0.592586, -2.94336
-0.572715, -1.98128
-0.552843, -1.0192
-0.532971, -0.0571186
-0.5131, 0.904961
-0.493228, 1.86704
-0.473356, 2.82912
-0.453485, 3.7912
-0.433613, 4.75328
-0.413741, 5.71536
-0.393869, 6.67744
-0.373998, 7.63951
-0.354126, -7.36618
-0.334254, -4.16568
-0.314383, -0.965184
-0.294511, 2.23531
-0.274639, 5.43581
-0.254767, 8.63631
-0.234896, 5.9486
-0.215024, -0.155961
-0.195152, -6.26052
-0.175281, -5.96258
-0.155409, -2.90258
-0.135537, 0.157426
-0.115665, 3.21743
-0.0957938, 6.27743
-0.075922, 9.33743
-0.0560503, 4.71566
-0.0361786, -12.9586
-0.0163069, -30.6329
0.0035648, -42.1786
0.0234365, -35.1833
0.0433082, -28.188
0.0631799, -21.1927
0.0830516, -14.1973
0.102923, -7.20202
0.122795, -0.2067
0.142667, 6.78862
0.162538, 13.7839
0.18241, 20.7793
0.202282, 27.7746
0.222154, 34.7699
0.242025, 41.7652
0.261897, 16.9232
0.281769, -39.8846
0.30164, -32.8564
0.321512, -15.7999
0.341384, 1.25656
0.361256, 18.3131
0.381127, 35.3696
0.400999, 51.2806
0.420871, 38.4591
0.440742, 25.6376
0.460614, 12.8161
0.480486, -0.00535093
0.500358, -12.8268
0.520229, -25.6483
0.540101, -38.4698
0.559973, -44.0033
0.579844, -20.75
0.599716, 2.50328
0.619588, 25.7566
0.63946, 49.0099
0.659331, 12.5592
0.679203, -26.0314
0.699075, 5.17732
0.718946, 57.9036
0.738818, 29.7159
0.75869, 1.52816
0.778561, -26.6596
0.798433, -54.8473
0.818305, -57.6052
0.838177, -45.5003
0.858048, -33.3953
0.87792, -21.2903
0.897792, -9.18533
0.917663, 2.91965
0.937535, 15.0246
0.957407, 27.1296
0.977279, 39.2346
0.99715, 51.3396
1.01702, 63.4445
1.03689, -25.4961
1.05677, -30.9056
1.07664, 19.7823
1.09651, 38.297
1.11638, 37.3893
1.13625, 57.425
1.15612, 43.62
1.176, 29.815
1.19587, 16.0099
1.21574, 2.20491
1.23561, -11.6001
1.25548, -25.4052
1.27535, -39.2102
1.29523, -53.0152
1.3151, -66.8203
1.33497, -73.6538
1.35484, -64.981
1.37471, -56.3082
1.39458, -47.6354
1.41446, -38.9626
1.43433, -30.2898
1.4542, -21.617
1.47407, -12.9443
1.49394, -4.27147
1.51381, 4.40131
1.53369, 13.0741
1.55356, 21.7469
1.57343, 30.4197
1.5933, 39.0925
1.61317, 47.7652
1.63304, 56.438
1.65292, 65.1108
1.67279, 73.7836
1.69266, 82.2745
1.71253, 35.5591
1.7324, -11.1563
1.75228, -57.8716
1.77215, 21.6568
1.79202, 84.9956
1.81189, 39.2605
1.83176, -8.74045
1.85163, -56.7414
1.87151, -52.6356
1.89138, 91.7861
1.91125, 52.5482
1.93112, 13.3102
1.95099, -25.9278
1.97086, -65.1657
1.99074, -90.6258
2.01061, -77.5216
2.03048, -64.4175
2.05035, -51.3134
2.07022, -38.2093
2.09009, -25.1052
2.10997, -12.0011
2.12984, 1.10299
2.14971, 14.2071
2.16958, 27.3112
2.18945, 40.4153
2.20932, 53.5194
2.2292, 66.6235
2.24907, 79.7276
2.26894, 88.0254
2.28881, 74.0756
2.30868, 60.1258
2.32855, 46.176
2.34843, 32.2263
2.3683, 18.2765
2.38817, 5.3555
2.40804, 2.41642
2.42791, -0.522656
2.44779, 0.236694
2.46766, -0.233538
2.48753, -0.811833
2.5074, -0.464408
2.52727, -0.116983
2.54714, 0.230442
2.56702, -0.431701
2.58689, -1.1467
2.60676, -1.8617
2.62663, -2.5767
2.6465, -3.20303
2.66637, -2.35072
2.68625, -1.4984
2.70612, -0.64608
2.72599, 0.206239
2.74586, 0.218804
2.76573, 0.0085854
2.7856, -0.201633
2.80548, -0.411852
2.82535, -0.622071
2.84522, -0.83229
2.86509, -1.04251
2.88496, -1.25273
2.90483, -1.46295
2.92471, -1.67317
2.94458, -0.920003
2.96445, -0.539423
2.98432, -1.19267
3.00419, -1.84592
3.02406, -2.49917
3.04394, -2.99689
3.06381, 0.723513
3.08368, -0.205147
3.10355, -0.660829
3.12342, 2.38441
3.14329, -3.32991
3.16317, -2.63375
3.18304, -1.9376
3.20291, -1.24145
3.22278, -0.5453
3.24265, 0.150851
3.26253, 0.847003
3.2824, 1.23748
3.30227, 0.770736
3.32214, 0.303991
3.34201, 0.032058
3.36188, -0.102916
3.38176, -0.23789
3.40163, -0.372864
3.4215, -0.507837
3.44137, -0.642811
3.46124, -0.777785
3.48111, -0.912759
3.50099, -1.04773
3.52086, -1.18271
3.54073, -1.31768
3.5606, -1.45265
3.58047, -1.58763
3.60034, -1.7226
3.62022, -1.85758
3.64009, 1.26336
3.65996, -0.103335
3.67983, -1.47003
3.6997, -2.83672
3.71957, -7.70768
3.73945, -12.946
3.75932, -18.1844
3.77919, -23.4228
3.79906, -28.6611
3.81893, -33.8995
3.8388, -35.6511
3.85868, -30.2975
3.87855, -24.944
3.89842, -19.5905
3.91829, -14.237
3.93816, -8.88349
3.95804, -3.52998
3.97791, 1.82353
3.99778, 7.17704
4.01765, 12.5306
4.03752, 17.8841
4.05739, 23.2376
4.07727, 28.5911
4.09714, 33.9446
4.11701, 29.9678
4.13688, 22.1417
4.15675, 14.3155
4.17662, 6.48936
4.1965, -1.33679
4.21637, -9.16294
4.23624, -16.9891
4.25611, -24.8152
4.27598, -32.6414
4.29585, -40.4395
4.31573, -47.3869
4.3356, -54.3343
4.35547, -61.2816
4.37534, -68.229
4.39521, -75.1764
4.41508, -82.1237
4.43496, -89.0711
4.45483, -79.9363
4.4747, -62.9441
4.49457, -45.9518
4.51444, -28.9595
4.53431, -11.9672
4.55419, 5.02504
4.57406, 22.0173
4.59393, 39.0096
4.6138, 56.0019
4.63367, 72.9941
4.65354, 56.3844
4.67342, 14.6886
4.69329, -27.0073
4.71316, -68.7031
4.73303, -42.6941
4.7529, 16.0512
4.77278, 74.7966
4.79265, 66.1551
4.81252, 37.766
4.83239, 9.37696
4.85226, -19.0121
4.87213, -47.4012
4.89201, -75.7903
4.91188, -64.9968
4.93175, -33.249
4.95162, -1.50125
4.97149, 30.2465
4.99136, 61.9943
5.01124, 71.9053
5.03111, 40.5364
5.05098, 9.16755
5.07085, -22.2013
5.09072, -53.5702
5.11059, -79.4933
5.13047, -72.186
5.15034, -64.8787
5.17021, -57.5713
5.19008, -50.264
5.20995, -42.9567
5.22982, -35.6493
5.2497, -28.342
5.26957, -21.0347
5.28944, -13.7273
5.30931, -6.42
5.32918, 0.887337
5.34905, 8.19467
5.36893, 15.502
5.3888, 22.8093
5.40867, 30.1167
5.42854, 37.424
5.44841, 44.7313
5.46828, 52.0387
5.48816, 59.346
5.50803, 66.6533
5.5279, 73.9607
5.54777, 81.268
5.56764, -72.4975
5.58752, -27.4027
5.60739, 17.6922
5.62726, 62.7871
5.64713, 29.5708
5.667, -79.5982
5.68687, 89.1958
5.70675, 68.3607
5.72662, 47.5256
5.74649, 26.6905
5.76636, 5.85545
5.78623, -14.9796
5.8061, -35.8147
5.82598, -56.6498
5.84585, -77.4849
5.86572, -57.495
5.88559, 0.409782
5.90546, 58.3146
5.92533, 16.5657
5.94521, -84.2467
5.96508, -55.4798
5.98495, -26.7128
6.00482, 2.05415
6.02469, 30.8211
6.04456, 59.5881
6.06444, 88.355
6.08431, -16.6922
6.10418, -26.7086
6.12405, 89.9964
6.14392, 69.8509
6.16379, 30.1608
6.18367, -9.52936
6.20354, -49.2195
6.22341, -88.9096
6.24328, -90.8748
6.26315, -73.3874
6.28303, -55.8999
6.3029, -38.4124
6.32277, -20.9249
6.34264, -3.43747
6.36251, 14.05
6.38238, 31.5375
6.40226, 49.0249
6.42213, 66.5124
6.442, 83.9999
6.46187, 101.487
6.48174, 92.7313
6.50161, 76.9922
6.52149, 61.253
6.54136, 45.5139
6.56123, 29.7747
6.5811, 14.0356
6.60097, -1.70354
6.62084, -17.4427
6.64072, -33.1818
6.66059, -48.921
6.68046, -64.6601
6.70033, -80.3992
6.7202, -96.1384
6.74007, -87.0195
6.75995, -55.4984
6.77982, -23.9773
6.79969, 7.54386
6.81956, 39.065
6.83943, 70.5861
6.8593, 102.107
6.87918, -29.9139
6.89905, -95.552
6.91892, -72.9265
6.93879, -50.3011
6.95866, -27.6756
6.97853, -5.05016
6.99841, 17.5753
7.01828, 40.2008
7.03815, 62.8262
7.05802, 85.4517
7.07789, 108.077
7.09777, 88.666
7.11764, 68.1472
7.13751, 47.6283
7.15738, 27.1095
7.17725, 6.5906
7.19712, -13.9283
7.217, -34.4471
7.23687, -54.966
7.25674, -75.4848
7.27661, -96.0037
7.29648, 32.2557
7.31635, -92.9741
7.33623, -41.6013
7.3561, 9.77151
7.37597, 61.1443
7.39584, 103.079
7.41571, 81.5296
7.43558, 59.98
7.45546, 38.4304
7.47533, 16.8809
7.4952, -4.6687
7.51507, -26.2183
7.53494, -47.7679
7.55481, -69.3174
7.57469, -10.7721
7.59456, 65.2514
7.61443, 39.7587
7.6343, 6.15236
7.65417, -27.454
7.67404, -61.0603
7.69392, -64.5312
7.71379, -58.0738
7.73366, -51.6165
7.75353, -45.1591
7.7734, -38.7017
7.79327, -32.2443
7.81315, -25.7869
7.83302, -19.3295
7.85289, -12.8721
7.87276, -6.41473
7.89263, 0.0426572
7.91251, 6.50005
7.93238, 12.9574
7.95225, 19.4148
7.97212, 25.8722
7.99199, 32.3296
8.01186, 38.787
8.03174, 45.2444
8.05161, 51.7018
8.07148, 58.1592
8.09135, 49.9488
8.11122, 24.1887
8.13109, -1.57132
8.15097, -27.3314
8.17084, -53.0915
8.19071, -34.2618
8.21058, 0.715128
8.23045, 35.6921
8.25032, 19.4669
8.2702, -55.0047
8.29007, -32.5042
8.30994, -10.0037
8.32981, 12.4968
8.34968, 34.9973
8.36955, -55.5945
8.38943, -48.2262
8.4093, -40.8579
8.42917, -33.4896
8.44904, -26.1213
8.46891, -18.753
8.48878, -11.3847
8.50866, -4.01638
8.52853, 3.35193
8.5484, 10.7202
8.56827, 18.0885
8.58814, 25.4568
8.60802, 32.8252
8.62789, 40.1935
8.64776, 36.8487
8.66763, 27.523
8.6875, 18.1973
8.70737, 8.87165
8.72725, -0.454051
8.74712, -9.77975
8.76699, -19.1054
8.78686, -28.4311
8.80673, -37.7568
8.8266, 25.3603
8.84648, -3.69231
8.86635, -50.8659
8.88622, -15.4427
8.90609, 19.9805
8.92596, 51.6126
8.94583, 41.4494
8.96571, 31.2861
8.98558, 21.1229
9.00545, 10.9597
9.02532, 0.796424
9.04519, -9.36682
9.06506, -19.5301
9.08494, -29.6933
9.10481, -39.8565
9.12468, -50.0198
9.14455, -53.1735
9.16442, -49.0776
9.18429, -44.9818
9.20417, -40.8859
9.22404, -36.7901
9.24391, -32.6942
9.26378, -28.5983
9.28365, -24.5025
9.30352, -20.4066
9.3234, -16.3108
9.34327, -12.2149
9.36314, -8.11904
9.38301, -4.02318
9.40288, 0.0726766
9.42276, 4.16854
9.44263, 8.26439
9.4625, 12.3603
9.48237, 16.4561
9.50224, 20.552
9.52211, 24.6478
9.54199, 28.7437
9.56186, 32.8395
9.58173, 36.9354
9.6016, 41.0313
9.62147, 45.1271
9.64134, 49.223
9.66122, 48.9501
9.68109, 31.7084
9.70096, 14.4666
9.72083, -2.77508
9.7407, -20.0168
9.76057, -37.2585
9.78045, -54.0923
9.80032, -12.2602
9.82019, 29.572
9.84006, 47.2965
9.85993, 31.5839
9.8798, 15.8713
9.89968, 0.158694
9.91955, -5.96777
9.93942, 3.41553
9.95929, -0.529183
